0.52956
0.74113
0.82542
0.87111
0.60501
0.22023
0.99076
0.37141
0.07459
0.40825
0.31951
0.66194
0.52376
0.93102
0.68592
0.90312
0.363
0.5232
0.23032
0.42797
0.56029
0.23591
0.43541
0.28829
0.1077
0.44471
0.99812
0.69768
0.08315
0.50511
0.33518
0.26988
0.06336
0.19262
0.04517
0.41813
0.82457
0.84366
0.44528
0.79017
0.4618
0.3775
0.86405
0.33052
0.07994
0.7124
0.44079
0.40335
0.60657
0.68678
0.57631
0.39479
0.86945
0.09454
0.0172
0.45898
0.05193
0.11644
0.27659
0.10451
0.33492
0.16107
0.5976
0.88904
0.78505
0.81867
0.78535
0.40083
0.12553
0.94105
0.5419
0.62105
0.50823
0.93584
0.84721
0.04362
0.56441
0.48802
0.19558
0.79619
0.57876
0.8272
0.91298
0.00223
0.22078
0.31101
0.12855
0.69324
0.15884
0.34399
0.03141
0.02311
0.81596
0.1746
0.3565
0.16778
0.28479
0.79331
0.80028
0.80285
0.90814
0.62774
0.84839
0.37715
0.46422
0.51904
0.84364
0.42725
0.08098
0.37009
0.45015
0.7283
0.18154
0.59269
0.18051
0.10034
0.7286
0.38791
0.20291
0.93468
0.62109
0.9409
0.67616
0.56696
0.17044
0.4045
0.202
0.3845
0.89783
0.78831
0.61041
0.36801
0.01053
0.24304
0.97178
0.82454
0.73501
0.55072
0.91643
0.18924
0.96274
0.44189
0.37582
0.37122
0.44058
0.68264
0.83965
0.40157
0.13423
0.28165
0.46297
0.98178
0.54186
0.03694
0.13716
0.39916
0.71907
0.60255
0.05746
0.04702
0.06021
0.03286
0.32979
0.45119
0.96218
0.82052
0.27925
0.46985
0.22003
0.26592
0.04424
0.08107
0.70251
0.34051
0.38593
0.95644
0.40322
0.0619
0.29357
0.06929
0.00285
0.02614
0.61465
0.80379
0.59293
0.74508
0.10511
0.44691
0.48116
0.02366
0.18861
0.47196
0.96145
0.77389
0.65158
0.99348
0.25421
0.42782
0.14104
0.52601
0.45348
0.39142
0.65966
0.09412
0.37813
0.01325
0.6566
0.44184
0.4278
0.04434
0.72529
0.75912
0.66157
0.75113
0.92193
0.31919
0.20903
0.15569
0.09465
0.3277
0.03175
0.70315
0.61905
0.43514
0.12071
0.70373
0.49659
0.81677
0.60873
0.39141
0.88153
0.4085
0.6322
0.03773
0.34631
0.74606
0.57529
0.42659
0.17191
0.54937
0.09661
0.04435
0.40596
0.15011
0.75479
0.17841
0.53211
0.55855
0.38977
0.03527
0.84547
0.9094
0.56472
0.36118
0.82237
0.88162
0.70427
0.70945
0.10182
0.42659
0.91073
0.8716
0.22279
0.0634
0.6401
0.74178
0.8894
0.67177
0.92561
0.77081
0.12052
0.80443
0.98654
0.15594
0.44107
0.28015
0.22412
0.26862
0.5292
0.53497
0.67858
0.27968
0.97949
0.13716
0.39796
0.3283
0.60076
0.28524
0.00442
0.21088
0.2091
0.53061
0.44604
0.79842
0.08294
0.83722
0.48875
0.90386
0.93855
0.66454
0.80673
0.76174
0.97658
0.73929
0.22399
0.47695
0.03487
0.54879
0.91297
0.28669
0.14608
0.97666
0.87114
0.4023
0.77087
0.01886
0.73721
0.97329
0.05385
0.12004
0.739
0.04371
0.02346
0.59061
0.53804
0.80505
0.35337
0.09784
0.41225
0.10304
0.50407
0.44809
0.80432
0.64528
0.0716
0.6062
0.74735
0.16639
0.90479
0.7675
0.28175
0.62737
0.09541
0.59792
0.06965
0.32269
0.60702
0.82885
0.90206
0.25982
0.45233
0.17832
0.25143
0.61909
0.49922
0.91083
0.30103
0.79591
0.14947
0.54495
0.81131
0.02731
0.03413
0.90686
0.82756
0.08492
0.1944
0.6981
0.32376
0.28456
0.61012
0.80403
0.14035
0.00343
0.15087
0.29896
0.35157
0.82342
0.78569
0.51015
0.90308
0.02662
0.45125
0.15566
0.52689
0.56001
0.11559
0.32199
0.4867
0.56351
0.33564
0.31992
0.95617
0.26864
0.57142
0.02983
0.04373
0.98844
0.25507
0.81475
0.21305
0.68105
0.5673
0.28974
0.8047
0.92437
0.81564
0.33709
0.99581
0.24717
0.23965
0.90116
0.30658
0.56274
0.3961
0.40357
0.50004
0.32061
0.13155
0.15312
0.0538
0.06701
0.1738
0.47243
0.52195
0.72851
0.52568
0.66054
0.91553
0.79589
0.53387
0.01997
0.86196
0.42165
0.62888
0.43747
0.05777
0.90319
0.36027
0.88811
0.77251
0.31987
0.00825
0.4693
0.23713
0.08356
0.40024
0.6355
0.09388
0.98718
0.75407
0.47785
0.55901
0.79176
0.71984
0.82676
0.50438
0.96608
0.87274
0.29884
0.80341
0.13256
0.53797
0.24235
0.93279
0.44684
0.37721
0.47937
0.02242
0.58429
0.20437
0.2465
0.47024
0.43259
0.72352
0.81211
0.38695
0.77833
0.72015
0.89602
0.1111
0.99453
0.31444
0.60259
0.25939
0.83521
0.42259
0.98789
0.65853
0.4922
0.44448
0.35274
0.91679
0.08694
0.72763
0.77121
0.62692
0.79955
0.45215
0.59501
0.73256
0.60714
0.17694
0.36264
0.43497
0.46772
0.44728
0.81982
0.70872
0.05436
0.48049
0.52522
0.0946
0.54923
0.74866
0.3047
0.29541
0.34259
0.13283
0.28212
0.6213
0.5942
0.61406
0.33946
0.34193
0.51364
0.07378
0.75763
0.24611
0.94309
0.51678
0.94417
0.10458
0.73124
0.2272
0.08416
0.42226
0.38082
0.40471
0.25681
0.60143
0.52851
0.19406
0.11016
0.19563
0.19539
0.83739
0.94725
0.76665
0.91694
0.0413
0.32768
0.61394
0.34902
0.83402
0.04709
0.71379
0.49081
0.85478
0.8343
0.66559
0.67135
0.27895
0.59841
0.01928
0.16864
0.84903
0.65675
0.82536
0.46343
0.83229
0.53488
0.91242
0.59599
0.16418
0.65311
0.84292
0.31402
0.4069
0.68759
0.49362
0.41913
0.12691
0.88608
0.10787
0.59507
0.60115
0.09479
0.42986
0.62731
0.56188
0.82299
0.90865
0.61498
0.04557
0.24789
0.38138
0.41984
0.83509
0.05739
0.12881
0.39447
0.6311
0.2061
0.72136
0.46639
0.11464
0.40508
0.51606
0.25644
0.59863
0.76117
0.32166
0.65115
0.433
0.52628
0.73423
0.40346
0.14533
0.79549
0.30748
0.62798
0.46605
0.43448
0.82881
0.52067
0.73096
0.9086
0.46336
0.94538
0.6445
0.13849
0.80937
0.04769
0.50877
0.97272
0.14905
0.45159
0.90963
0.06252
0.1335
0.34308
0.32139
0.0537
0.91488
0.29745
0.54298
0.67502
0.25916
0.44667
0.29932
0.07546
0.89034
0.9438
0.62659
0.79778
0.02859
0.88899
0.27691
0.86623
0.5507
0.24836
0.70523
0.07783
0.09413
0.66975
0.70638
0.7091
0.37061
0.14721
0.9355
0.99449
0.57706
0.28122
0.72572
0.94277
0.11274
0.56052
0.59537
0.13936
0.77464
0.77432
0.33742
0.47612
0.33947
0.8713
0.36956
0.46574
0.70368
0.14601
0.7531
0.88435
0.89306
0.90029
0.00559
0.43566
0.42608
0.85366
0.61755
0.96373
0.50519
0.67199
0.37222
0.38157
0.78445
0.91654
0.79918
0.015
0.71017
0.85689
0.31032
0.20309
0.42358
0.9976
0.89055
0.6663
0.85475
0.30564
0.65595
0.92821
0.31758
0.10457
0.58027
0.62709
0.27396
0.11351
0.09123
0.71739
0.92921
0.16467
0.57312
0.5075
0.62413
0.09365
0.18952
0.87411
0.31327
0.07535
0.15169
0.87646
0.44722
0.43681
0.63387
0.41384
0.35971
0.72766
0.24588
0.72926
0.38182
0.14062
0.55191
0.81444
0.24728
0.76189
0.28438
0.9402
0.62839
0.2049
0.31204
0.60969
0.31189
0.71957
0.59827
0.95147
0.58412
0.64128
0.85663
0.77335
0.63118
0.96199
0.31292
0.31548
0.11745
0.04142
0.3332
0.20776
0.92375
0.31391
0.00828
0.89417
0.1881
0.93442
0.9904
0.66114
0.34821
0.77253
0.36509
0.99847
0.98178
0.59145
0.34275
0.97421
0.34021
0.72259
0.36286
0.27817
0.94403
0.96252
0.81651
0.68374
0.36467
0.87593
0.36478
0.6064
0.55215
0.69429
0.58947
0.16187
0.72117
0.99131
0.47548
0.2477
0.91978
0.00344
0.83519
0.01236
0.7242
0.69628
0.95452
0.10967
0.44738
0.29578
0.38147
0.96888
0.51902
0.20985
0.38092
0.71743
0.26842
0.04111
0.49569
0.32524
0.26035
0.46988
0.5912
0.4449
0.54732
0.15786
0.04023
0.55065
0.58554
0.13291
0.93414
0.1712
0.60374
0.78882
0.45366
0.2279
0.02339
0.08819
0.80457
0.18698
0.6656
0.42916
0.75925
0.53213
0.46112
0.04368
0.73565
0.69403
0.67546
0.88936
0.06377
0.90388
0.86671
0.83
0.07218
0.1428
0.48189
0.4984
0.75297
0.78376
0.51443
0.73194
0.84758
0.64382
0.08788
0.47581
0.27497
0.76399
0.22495
0.66391
0.28906
0.59809
0.01313
0.44959
0.78906
0.56075
0.68515
0.57649
0.22375
0.31029
0.67381
0.24417
0.25357
0.37142
0.95458
0.83287
0.35966
0.74801
0.98353
0.11427
0.6633
0.6598
0.12805
0.13481
0.81431
0.62582
0.08732
0.41007
0.82943
0.817
0.51133
0.6062
0.74418
0.6455
0.02549
0.9867
0.02407
0.96155
0.10915
0.74433
0.6829
0.22696
0.32308
0.00824
0.08011
0.65391
0.13626
0.31682
0.28546
0.37419
0.30084
0.02321
0.65488
0.7618
0.98459
0.54241
0.22239
0.76781
0.69151
0.8998
0.95082
0.80379
0.30513
0.08471
0.50459
0.47945
0.69618
0.06499
0.80902
0.26553
0.06065
0.51107
0.59018
0.15427
0.01678
0.37305
0.22928
0.30355
0.36012
0.58433
0.86194
0.55225
0.81823
0.51158
0.14597
0.17062
0.03543
0.31847
0.48143
0.14043
0.52286
0.71712
0.67057
0.90273
0.26883
0.64863
0.78557
0.16751
0.42661
0.26432
0.30089
0.86722
0.94024
0.82851
0.4103
0.65768
0.11065
0.24786
0.07633
0.85491
0.59939
0.44765
0.6528
0.07297
0.27465
0.54785
0.85833
0.59716
0.32236
0.49801
0.99559
0.56011
0.45991
0.93914
0.53784
0.07672
0.66301
0.13702
0.98593
0.55655
0.42228
0.06752
0.53168
0.49627
0.30897
0.32125
0.9575
0.76294
0.3299
0.06736
0.29563
0.20541
0.96767
0.89272
0.47423
0.52317
0.33789
0.76513
0.39801
0.65023
0.65752
0.68846
0.40789
0.84471
0.9865
0.30779
0.9296
0.77317
0.78755
0.65973
0.7844
0.4137
0.83188
0.89747
0.52087
0.11164
0.60765
0.07934
0.01341
0.89274
0.1188
0.67127
0.11405
0.20939
0.17897
0.14037
0.93372
0.9065
0.52838
0.39351
0.09222
0.94694
0.03285
0.23943
0.6032
0.33098
0.53692
0.89712
0.32128
0.32161
0.26089
0.87136
0.1807
0.89397
0.61293
0.08228
0.19446
0.06634
0.77868
0.37695
0.13976
0.65138
0.87448
0.85398
0.2858
0.00947
0.98404
0.99065
0.17191
0.38026
0.74133
0.38597
0.60126
0.98456
0.76268
0.93283
0.59825
0.76974
0.86101
0.92442
0.44193
0.37424
0.87006
0.7392
0.82076
0.54636
0.5891
0.02801
0.77335
0.06655
0.46405
0.76875
0.94022
0.44501
0.59789
0.068
0.45597
0.8182
0.00683
0.46512
0.92135
0.92413
0.93086
0.85125
0.21215
0.34286
0.61961
0.3913
0.02526
0.53229
0.75404
0.15705
0.78141
0.32112
0.54242
0.21342
0.08058
0.99541
0.66613
0.35329
0.56071
0.27601
0.66725
0.08315
0.0331
0.0942
0.8323
0.19488
0.64803
0.41248
0.87387
0.97314
0.33539
0.59043
0.16295
0.02488
0.88912
0.00296
0.50638
0.22857
0.33321
0.75976
0.36025
0.44245
0.1863
0.05776
0.12815
0.05446
0.96404
0.82869
0.52518
0.73481
0.14032
0.88717
0.2996
0.0132
0.65725
0.38889
0.23125
0.46138
0.34932
0.31619
0.13923
0.37479
0.46111
0.58121
0.61859
0.41319
0.49349
0.0441
0.7312
0.13373
0.24681
0.02811
0.96638
0.96891
0.04782
0.8953
0.84323
0.38341
0.28086
0.85385
0.52033
0.25283
0.33119
0.24545
0.92849
0.21775
0.01558
0.19797
0.02106
0.83238
0.66594
0.68087
0.16431
0.4514
0.3763
0.89787
0.87811
0.99678
0.69582
0.17544
0.70404
0.33385
0.37036
0.66212
0.87163
0.37346
0.90111
0.32749
0.33664
0.09639
0.91626
0.81592
0.12995
0.61167
0.4823
0.82857
0.36339
0.44382
0.00584
0.75742
0.50147
0.04332
0.78904
0.14003
0.12069
0.07527
0.39027
0.15847
0.66025
0.30361
0.01249
0.90711
0.54154
0.26905
0.91482
0.84874
0.98626
0.23043
0.32834
0.5142
0.28235
0.68199
0.44799
0.57449
0.37694
0.47077
0.35772
0.76213
0.22658
0.8614
0.8509
0.16979
0.31532
0.58633
0.67754
0.40736
0.39478
0.10491
0.21171
0.97353
0.30095
0.59744
0.57627
0.00753
0.21833
0.86274
0.38322
0.94233
0.50316
0.9431
0.61355
0.94776
0.77756
0.69206
0.62145
0.58316
0.26857
0.00195
0.77408
0.34437
0.46367
0.94981
0.49504
0.53831
0.56339
0.55347
0.09676
0.1918
0.07008
0.12018
0.83932
0.22633
0.40259
0.10563
0.46387
0.09801
0.33514
0.41276
0.82536
0.61838
0.45903
0.54397
0.0392
0.57309
0.76191
0.81231
0.03875
0.15938
0.39752
0.23508
0.90421
0.09782
0.62418
0.37798
0.32751
0.39954
0.53788
0.47834
0.15629
0.88942
0.35247
0.82009
0.9824
0.84675
0.08773
0.29931
0.90938
0.85475
0.37343
0.06515
0.23045
0.50205
0.34708
0.30494
0.61349
0.04228
0.11171
0.4745
0.93915
0.00287
0.79898
0.12838
0.04984
0.98605
0.47525
0.83457
0.78423
0.35812
0.33287
0.85049
0.31996
0.55125
0.7008
0.32919
0.11051
0.84882
0.41409
0.60619
0.77008
0.79477
0.5104
0.44804
0.89881
0.0007
0.59849
0.04327
0.27438
0.91525
0.68891
0.72062
0.52486
0.97554
0.74067
0.70912
0.50711
0.01374
0.40293
0.3947
0.78649
0.01751
0.72466
0.38771
0.46274
0.0403
0.20343
0.51882
0.88548
0.31616
0.08847
0.10479
0.40416
0.79909
0.06053
0.32297
0.75976
0.00183
0.04868
0.78633
0.12052
0.06611
0.60037
0.65857
0.56772
0.11592
0.68363
0.78257
0.9205
0.39033
0.9276
0.91815
0.3392
0.30681
0.28379
0.68623
0.52442
0.89772
0.42263
0.7704
0.71872
0.38659
0.93915
0.44888
0.79132
0.76338
0.6393
0.16867
0.3296
0.761
0.79367
0.11073
0.06025
0.36742
0.69361
0.10489
0.6447
0.65486
0.99398
0.99106
0.086
0.01181
0.52384
0.21988
0.83749
0.30518
0.93313
0.6387
0.92797
0.49837
0.81265
0.12388
0.50113
0.29332
0.11624
0.26075
0.03554
0.81514
0.61755
0.969
0.60695
0.80702
0.76118
0.19358
0.79294
0.08859
0.80349
0.62855
0.08863
0.00344
0.76845
0.60186
0.4781
0.49964
0.1147
0.65004
0.14176
0.61721
0.16436
0.58503
0.51725
0.39114
0.0059
0.07631
0.5982
0.10067
0.37072
0.07948
0.51761
0.50648
0.19971
0.71178
0.44395
0.10802
0.25285
0.12731
0.74529
0.55666
0.81934
0.05349
0.73494
0.62633
0.83321
0.54419
0.27084
0.65086
0.01384
0.37622
0.89551
0.18474
0.93431
0.7493
0.62921
0.87077
0.07874
0.63975
0.02411
0.31436
0.5995
0.34158
0.01072
0.44125
0.51712
0.60116
0.4878
0.41153
0.77973
0.04189
0.36016
0.07954
0.96318
0.9304
0.27477
0.08553
0.34151
0.53793
0.58048
0.52876
0.63021
0.46208
0.58294
0.85546
0.18088
0.48032
0.09997
0.64116
0.41154
0.24765
0.05664
0.76304
0.53965
0.6844
0.11965
0.88617
0.27492
0.72821
0.1996
0.05203
0.13675
0.03712
0.77795
0.04032
0.57049
0.43071
0.98093
0.08125
0.53258
0.86927
0.56691
0.89147
0.41663
0.14476
0.56363
0.33524
0.08297
0.21798
0.91046
0.0962
0.1933
0.59707
0.50481
0.52098
0.91679
0.49046
0.3281
0.02494
0.18665
0.30331
0.6006
0.3455
0.06609
0.28195
0.98133
0.55836
0.16554
0.24803
0.69312
0.29653
0.52847
0.37916
0.08263
0.25446
0.83424
0.54629
0.14702
0.45154
0.14579
0.28945
0.43525
0.26971
0.03672
0.0975
0.77561
0.60594
0.72961
0.81363
0.21243
0.79442
0.42361
0.92175
0.33566
0.44545
0.65388
0.51398
0.34608
0.19711
0.17953
0.96818
0.68914
0.80059
0.17522
0.07911
0.71154
0.4871
0.40927
0.66695
0.1276
0.43573
0.03628
0.59045
0.9389
0.99091
0.37905
0.14796
0.1276
0.27411
0.99505
0.70827
0.3172
0.197
0.79096
0.43814
0.76446
0.14316
0.34569
0.08611
0.05368
0.8327
0.97085
0.12648
0.53931
0.98993
0.55091
0.89119
0.54165
0.89063
0.40081
0.72393
0.18443
0.15629
0.85302
0.08464
0.48346
0.65068
0.31794
0.75592
0.11092
0.12756
0.74604
0.44819
0.13433
0.6223
0.20605
0.00277
0.83738
0.36792
0.44504
0.27662
0.48565
0.6441
0.46025
0.86494
0.52474
0.80878
0.12969
0.59931
0.57709
0.42636
0.0195
0.22724
0.15375
0.97115
0.10463
0.78472
0.38324
0.67613
0.48395
0.80414
0.58513
0.12199
0.04427
0.79511
0.41465
0.19643
0.02585
0.03629
0.87534
0.32333
0.40135
0.41138
0.59926
0.86445
0.47392
0.21783
0.14359
0.24225
0.3794
0.1015
0.95352
0.98824
0.40999
0.18183
0.5964
0.4683
0.28538
0.37397
0.96666
0.87179
0.97575
0.03003
0.68752
0.80523
0.1855
0.88148
0.67748
0.74078
0.673
0.09013
0.67691
0.37242
0.55008
0.4364
0.10314
0.45543
0.41374
0.01335
0.70935
0.44208
0.74028
0.58496
0.0966
0.7924
0.65887
0.34394
0.23586
0.7039
0.86297
0.19652
0.6384
0.23916
0.09748
0.16268
0.19698
0.47541
0.75456
0.08294
0.36023
0.11936
0.54734
0.20959
0.38388
0.6893
0.72539
0.69512
0.96448
0.07168
0.13954
0.43364
0.05952
0.27937
0.28897
0.71815
0.41438
0.74279
0.64552
0.74532
0.19362
0.71917
0.45116
0.82529
0.43294
0.06114
0.34533
0.13189
0.3754
0.98548
0.57862
0.27088
0.69386
0.19134
0.39371
0.88223
0.08444
0.95297
0.88273
0.42185
0.28175
0.10943
0.8942
0.1687
0.71386
0.67577
0.98099
0.80504
0.48874
0.72172
0.12324
0.03693
0.27669
0.39431
0.65333
0.14876
0.26216
0.1445
0.86365
0.96104
0.34716
0.95177
0.25394
0.93274
0.38204
0.54809
0.23013
0.593
0.5308
0.70809
0.54874
0.21405
0.792
0.46602
0.87471
0.02224
0.86803
0.01798
0.91653
0.33517
0.61093
0.87298
0.58015
0.3432
0.03839
0.15008
0.47575
0.47787
0.03341
0.09123
0.66656
0.21017
0.79157
0.48842
0.05762
0.82874
0.20666
0.50623
0.66666
0.20246
0.82463
0.87185
0.99653
0.96046
0.75224
0.11881
0.87051
0.88609
0.94237
0.51896
0.26173
0.71305
0.8885
0.30408
0.81957
0.60731
0.24626
0.25223
0.30384
0.75792
0.24992
0.3767
0.74611
0.33245
0.54593
0.99636
0.51527
0.29604
0.26579
0.64735
0.85526
0.65225
0.6904
0.04216
0.61103
0.11924
0.05131
0.31706
0.2935
0.9011
0.50438
0.06233
0.82352
0.02407
0.37537
0.02043
0.5924
0.72861
0.10123
0.30558
0.32566
0.01303
0.12669
0.47141
0.83247
0.89876
0.0937
0.92479
0.24971
0.7912
0.10396
0.30934
0.53301
0.53175
0.95587
0.6213
0.78992
0.71064
0.45744
0.75971
0.84216
0.04539
0.19713
0.34237
0.46343
0.94266
0.45983
0.01679
0.40809
0.36815
0.97154
0.93349
0.43285
0.96036
0.04248
0.28232
0.48261
0.37716
0.05975
0.88421
0.11022
0.04685
0.25257
0.68622
0.31941
0.64103
0.12418
0.85263
0.79451
0.70204
0.88868
0.21814
0.57576
0.64628
0.61398
0.17719
0.30939
0.78341
0.22097
0.47671
0.16715
0.33486
0.70812
0.61483
0.09261
0.42989
0.72686
0.89663
0.98976
0.81942
0.50326
0.81964
0.11309
0.35523
0.81053
0.18425
0.72835
0.85691
0.6922
0.99291
0.11156
0.59375
0.69918
0.41815
0.35063
0.95446
0.27625
0.7031
0.38856
0.52085
0.36705
0.36666
0.92489
0.9679
0.18989
0.41827
0.53144
0.33327
0.2342
0.18784
0.81325
0.37816
0.93798
0.34658
0.95563
0.11067
0.61702
0.63992
0.69296
0.8805
0.43126
0.83861
0.70179
0.7542
0.38823
0.94051
0.10382
0.33994
0.75214
0.0209
0.29391
0.50422
0.36902
0.7019
0.77581
0.6516
0.13319
0.34021
0.55856
0.83528
0.82118
0.12124
0.96774
0.67458
0.45381
0.79346
0.66901
0.12295
0.28856
0.5642
0.02115
0.56371
0.83102
0.3995
0.69774
0.25675
0.41416
0.78098
0.52304
0.54657
0.18899
0.96233
0.18833
0.60541
0.96124
0.97824
0.25383
0.03927
0.35735
0.1936
0.38543
0.43701
0.74848
0.41427
0.14535
0.16234
0.15609
0.24723
0.47936
0.50197
0.18579
0.56579
0.64498
0.79513
0.99238
0.25947
0.87066
0.14088
0.49138
0.66454
0.04377
0.30426
0.54541
0.35377
0.54008
0.14682
0.68126
0.02035
0.50279
0.80759
0.29683
0.90848
0.89874
0.96203
0.49581
0.47229
0.55355
0.42195
0.22868
0.25709
0.43556
0.69903
0.15507
0.26224
0.49884
0.93227
0.71646
0.22869
0.66201
0.51283
0.12595
0.27088
0.02891
0.41952
0.97685
0.66946
0.31242
0.29446
0.98055
0.6409
0.81809
0.82539
0.26144
0.56352
0.04597
0.64002
0.79325
0.64415
0.15306
0.10975
0.18896
0.84014
0.99382
0.92531
0.17722
0.06546
0.39425
0.32975
0.34331
0.11986
0.14559
0.86545
0.75049
0.10944
0.95507
0.09726
0.70586
0.9279
0.97132
0.50615
0.56224
0.10005
0.41822
0.0929
0.2444
0.91996
0.3843
0.44684
0.89135
0.42447
0.35047
0.42481
0.37114
0.73162
0.17815
0.00972
0.92431
0.23634
0.16815
0.58067
0.47969
0.51092
0.07187
0.32912
0.80194
0.50702
0.68424
0.02854
0.50968
0.05862
0.80509
0.05196
0.06904
0.68835
0.29936
0.42077
0.51903
0.3759
0.17823
0.90937
0.71082
0.55252
0.10884
0.72237
0.32093
0.61084
0.015
0.45643
0.31735
0.87154
0.51818
0.50622
0.9827
0.70738
0.41991
0.40386
0.78231
0.15879
0.14198
0.33772
0.0417
0.40139
0.75562
0.98526
0.78117
0.28207
0.80896
0.89279
0.58576
0.4155
0.31662
0.07615
0.19477
0.48623
0.55903
0.4008
0.61436
0.44944
0.19733
0.67709
0.35375
0.52714
0.16322
0.95436
0.74503
0.47297
0.48717
0.80744
0.67982
0.83006
0.76768
0.22959
0.55313
0.12574
0.44515
0.29422
0.47294
0.63344
0.6353
0.95224
0.96332
0.29067
0.43872
0.76992
0.71762
0.82501
0.12565
0.07065
0.57778
0.31866
0.3707
0.47391
0.62043
0.27798
0.45884
0.55715
0.51804
0.87135
0.52605
0.37253
0.9404
0.54257
0.5572
0.99418
0.30928
0.30973
0.02303
0.12211
0.13085
0.79371
0.29142
0.59583
0.9486
0.49657
0.09371
0.65161
0.78476
0.18409
0.80104
0.25114
0.36448
0.58705
0.16704
0.10213
0.34235
0.60205
0.75927
0.69074
0.34132
0.08087
0.86338
0.6785
0.81438
0.05068
0.40085
0.62531
0.6141
0.83507
0.76556
0.98966
0.1404
0.31634
0.11333
0.01336
0.03054
0.63881
0.68278
0.24634
0.39906
0.54681
0.71719
0.6033
0.0803
0.4933
0.35371
0.16793
0.86128
0.48973
0.21002
0.60318
0.96326
0.07972
0.9094
0.34839
0.6254
0.80825
0.86941
0.84091
0.21815
0.27325
0.85787
0.31017
0.70122
0.08328
0.80279
0.40345
0.93469
0.94387
0.06667
0.72403
0.93556
0.62054
0.92346
0.4689
0.8198
0.84439
0.61718
0.8953
0.14249
0.89411
0.05286
0.08632
0.10959
0.49015
0.14195
0.88611
0.36998
0.02638
0.77014
0.28006
0.41194
0.78321
0.63162
0.3542
0.3068
0.22322
0.91063
0.27807
0.88027
0.16136
0.51539
0.21805
0.58671
0.62256
0.91478
0.4344
0.51503
0.57131
0.00306
0.63545
0.00833
0.31216
0.71507
0.95065
0.15704
0.28947
0.50903
0.08618
0.37338
0.86029
0.78628
0.51129
0.27386
0.93463
0.66687
0.82189
0.56084
0.70256
0.08373
0.90301
0.38348
0.03506
0.02386
0.55882
0.82074
0.80648
0.59048
0.6147
0.39551
0.89155
0.70154
0.91281
0.25455
0.56835
0.66723
0.98641
0.98397
0.23103
0.39073
0.54337
0.58665
0.33068
0.36781
0.26601
0.46152
0.45701
0.84895
0.8572
0.5852
0.06417
0.92218
0.70211
0.12459
0.41986
0.48355
0.37421
0.77911
0.63683
0.02584
0.71366
0.57436
0.29981
0.22123
0.11396
0.45873
0.83889
0.43688
0.76169
0.5605
0.98919
0.94098
0.19695
0.20526
0.86051
0.38765
0.64095
0.23727
0.26416
0.96992
0.53432
0.32066
0.69064
0.71125
0.39766
0.3706
0.95791
0.31872
0.14098
0.42403
0.39317
0.98858
0.16043
0.52682
0.61131
0.04817
0.67058
0.62685
0.42285
0.028
0.43216
0.3155
0.10131
0.91261
0.54779
0.22968
0.15824
0.49639
0.38314
0.82446
0.3585
0.59031
0.2151
0.4197
0.0522
0.88927
0.94352
0.94337
0.20607
0.47031
0.10698
0.15943
0.262
0.95868
0.88421
0.78873
0.11209
0.02748
0.72977
0.0212
0.73352
0.2948
0.01632
0.53646
0.53102
0.0643
0.56275
0.31271
0.64543
0.76017
0.05278
0.29594
0.17767
0.04609
0.3404
0.26286
0.4408
0.60687
0.49805
0.61343
0.07505
0.24973
0.56503
0.49362
0.73698
0.33023
0.50917
0.46587
0.89618
0.48106
0.65878
0.35598
0.39366
0.09195
0.99221
0.74672
0.69817
0.50952
0.85515
0.32097
0.68049
0.64371
0.82657
0.74799
0.65589
0.21402
0.09116
0.57874
0.271
0.0045
0.46243
0.074
0.51015
0.17651
0.99599
0.70877
0.02587
0.7533
0.83428
0.66479
0.96221
0.78431
0.37045
0.54928
0.06024
0.3401
0.04679
0.15207
0.15982
0.11419
0.15721
0.29545
0.97193
0.94725
0.9169
0.16845
0.05987
0.6367
0.96046
0.91876
0.26917
0.11389
0.55757
0.76972
0.57393
0.72409
0.38055
0.07051
0.95261
0.63337
0.65039
0.51973
0.60146
0.58451
0.90406
0.10386
0.79558
0.76067
0.69363
0.39808
0.58465
0.61579
0.76846
0.14731
0.97941
0.90115
0.37454
0.45623
0.33603
0.1821
0.20116
0.65801
0.56421
0.7508
0.90221
0.43845
0.24028
0.68435
0.51501
0.90027
0.00035
0.44362
0.14492
0.09811
0.24169
0.96096
0.25953
0.71165
0.86734
0.83601
0.79455
0.08917
0.32308
0.69512
0.22776
0.38796
0.72582
0.88905
0.61925
0.88236
0.27492
0.83926
0.24558
0.44265
0.33221
0.41095
0.36307
0.41225
0.58923
0.90825
0.63836
0.09086
0.27481
0.29591
0.98383
0.47423
0.26428
0.86481
0.28054
0.91432
0.99581
0.93219
0.5748
0.80141
0.1533
0.35339
0.80473
0.59779
0.28018
0.65118
0.51701
0.09898
0.71641
0.02335
0.02578
0.73673
0.72988
0.42398
0.88819
0.08707
0.21364
0.04313
0.25088
0.93498
0.76211
0.8112
0.2117
0.6058
0.24541
0.13371
0.24413
0.20417
0.06742
0.03476
0.71726
0.01812
0.09835
0.10281
0.6671
0.99998
0.18275
0.23488
0.25835
0.42401
0.19903
0.87515
0.18942
0.81971
0.90047
0.71972
0.41127
0.73846
0.10841
0.67755
0.51562
0.56601
0.48402
0.87005
0.83087
0.90389
0.00896
0.11152
0.28999
0.00174
0.74099
0.14515
0.09694
0.78538
0.11518
0.30541
0.52833
0.64753
0.71454
0.09878
0.28769
0.90076
0.80466
0.02833
0.2949
0.23139
0.20512
0.85914
0.70705
0.77522
0.20011
0.1834
0.07069
0.9467
0.03888
0.03791
0.89109
0.52938
0.90778
0.65723
0.48074
0.96731
0.05696
0.0926
0.51523
0.06674
0.76259
0.92569
0.62851
0.63631
0.12379
0.83809
0.19894
0.4835
0.40129
0.10516
0.72822
0.47365
0.37528
0.4924
0.18626
0.52201
0.78354
0.82571
0.45067
0.84737
0.18295
0.66981
0.20989
0.94315
0.31866
0.39248
0.79074
0.91688
0.53392
0.6386
0.19881
0.04136
0.59697
0.1258
0.50583
0.86887
0.10444
0.87575
0.04983
0.73581
0.71088
0.1838
0.58844
0.53983
0.4279
0.82731
0.15572
0.1307
0.65106
0.21326
0.37816
0.39793
0.82264
0.31504
0.35241
0.20275
0.47737
0.36112
0.69253
0.28948
0.5493
0.16633
0.39601
0.04331
0.50828
0.24726
0.41213
0.3643
0.07254
0.38294
0.12375
0.19363
0.60104
0.12437
0.45414
0.22984
0.14933
0.96729
0.89878
0.72452
0.38527
0.05536
0.78205
0.43086
0.35253
0.15141
0.19614
0.78988
0.40205
0.90421
0.32065
0.98442
0.84313
0.38537
0.08825
0.1482
0.96316
0.32957
0.18765
0.75725
0.49153
0.05245
0.05581
0.45552
0.1055
0.36116
0.5546
0.20239
0.10539
0.16336
0.15884
0.3027
0.63827
0.74
0.18256
0.20096
0.74174
0.28007
0.45363
0.86147
0.54072
0.92709
0.25588
0.25943
0.81296
0.4404
0.53617
0.12249
0.49283
0.3601
0.02625
0.97301
0.94408
0.63849
0.33684
0.63174
0.19255
0.25569
0.45518
0.92321
0.30249
0.4789
0.5322
0.46244
0.33669
0.8891
0.57781
0.91524
0.04725
0.90057
0.399
0.28858
0.18381
0.50561
0.50073
0.31904
0.29113
0.23727
0.85441
0.74561
0.39163
0.65541
0.80922
0.08622
0.61248
0.07112
0.3933
0.82237
0.48989
0.14579
0.15644
0.58795
0.75659
0.89103
0.9975
0.62449
0.59159
0.11142
0.15143
0.71377
0.48141
0.80825
0.11005
0.18794
0.52942
0.71419
0.9722
0.1535
0.61003
0.61441
0.9208
0.43722
0.95366
0.93173
0.46349
0.63381
0.51488
0.39095
0.72355
0.94836
0.34832
0.12697
0.47646
0.67933
0.21307
0.92771
0.45273
0.7847
0.98057
0.2413
0.29661
0.33251
0.26094
0.18283
0.61276
0.30123
0.94713
0.07462
0.42669
0.31418
0.60637
0.02996
0.29652
0.01648
0.2916
0.26882
0.63453
0.45743
0.19271
0.28526
0.69795
0.59889
0.47942
0.00032
0.06011
0.30785
0.65762
0.39456
0.45621
0.67536
0.58494
0.50467
0.46498
0.43439
0.29233
0.26493
0.47284
0.68377
0.87025
0.59107
0.4167
0.74551
0.577
0.68756
0.15788
0.61498
0.9757
0.44932
0.37142
0.80799
0.60174
0.25025
0.19287
0.39578
0.00948
0.13201
0.3461
0.42298
0.71793
0.38471
0.71851
0.87744
0.40836
0.62403
0.77613
0.57622
0.2843
0.44488
0.71443
0.60053
0.07437
0.07977
0.49983
0.66488
0.42106
0.29851
0.65587
0.37329
0.34536
0.74059
0.18493
0.63099
0.8866
0.10049
0.72474
0.68937
0.36138
0.97424
0.37489
0.23778
0.43232
0.35975
0.66092
0.9824
0.99289
0.39506
0.13232
0.19409
0.97831
0.64674
0.97402
0.30105
0.34821
0.95152
0.06267
0.42929
0.72845
0.76086
0.30434
0.26529
0.17653
0.54919
0.65306
0.37153
0.96843
0.23833
0.99382
0.69484
0.73389
0.28043
0.47928
0.85095
0.8243
0.29749
0.02021
0.37299
0.69217
0.29904
0.69283
0.18411
0.0111
0.00965
0.05835
0.25416
0.97826
0.55177
0.15344
0.55819
0.22124
0.93026
0.57942
0.59757
0.87799
0.0868
0.52326
0.984
0.42868
0.70663
0.65498
0.77207
0.84434
0.91645
0.60858
0.52664
0.52672
0.17917
0.34329
0.29749
0.06712
0.73338
0.07734
0.35592
0.13611
0.91784
0.47901
0.94171
0.96837
0.91442
0.91867
0.78269
0.62954
0.19306
0.3215
0.9869
0.21991
0.60098
0.43822
0.3338
0.40533
0.48168
0.69831
0.82338
0.04673
0.35708
0.0369
0.50892
0.03524
0.7202
0.69963
0.27011
0.96723
0.02013
0.20512
0.69351
0.427
0.49445
0.11518
0.66034
0.12196
0.74087
0.05282
0.21058
0.15077
0.63485
0.31304
0.98249
0.01282
0.59576
0.58271
0.81906
0.04608
0.695
0.57844
0.54058
0.33731
0.06858
0.20329
0.1419
0.91792
0.46391
0.83323
0.48651
0.79535
0.59488
0.04213
0.55019
0.53166
0.26814
0.00835
0.80702
0.91837
0.59434
0.28189
0.53929
0.4269
0.91693
0.35385
0.51483
0.10955
0.6446
0.78377
0.26173
0.23239
0.78219
0.23054
0.17532
0.92738
0.49437
0.93487
0.54232
0.66868
0.81315
0.54034
0.25208
0.46538
0.4386
0.1605
0.61767
0.03198
0.75209
0.83674
0.06199
0.94397
0.44986
0.72731
0.62182
0.62691
0.76729
0.71369
0.61114
0.91084
0.51588
0.50798
0.60557
0.03924
0.15166
0.77646
0.47487
0.55614
0.92662
0.58755
0.99495
0.92186
0.68153
0.9878
0.16333
0.59804
0.474
0.65835
0.48759
0.97847
0.92942
0.34167
0.74274
0.97646
0.91908
0.35694
0.40443
0.12071
0.70762
0.30876
0.41475
0.05224
0.87312
0.4492
0.68381
0.47884
0.02425
0.86241
0.90426
0.54385
0.47071
0.56299
0.42857
0.96109
0.48426
0.56712
0.84301
0.6805
0.26623
0.68335
0.51984
0.33584
0.60861
0.42898
0.76107
0.22476
0.4843
0.57175
0.70169
0.15241
0.06289
0.92337
0.02486
0.08597
0.26261
0.70991
0.22489
0.12716
0.43844
0.37246
0.8098
0.60534
0.74068
0.96989
0.44224
0.72265
0.43087
0.59615
0.00695
0.7886
0.72575
0.40463
0.08274
0.4989
0.00367
0.3514
0.97988
0.8181
0.02172
0.01252
0.90345
0.95281
0.34587
0.84859
0.33973
0.72409
0.08348
0.61312
0.62119
0.08293
0.35996
0.12996
0.75988
0.67463
0.4076
0.12109
0.75881
0.0737
0.86531
0.85166
0.99087
0.02073
0.67217
0.42459
0.68123
0.49793
0.5738
0.78908
0.12731
0.88722
0.7142
0.56353
0.24094
0.20825
0.06098
0.52539
0.94376
0.14157
0.57233
0.00797
0.50661
0.2666
0.35418
0.56932
0.26593
0.34764
0.43776
0.96711
0.34547
0.20494
0.03503
0.59894
0.19319
0.68364
0.21402
0.47822
0.68083
0.19005
0.43777
0.69273
0.53637
0.34861
0.92647
0.77118
0.73364
0.99692
0.60772
0.80256
0.46864
0.1194
0.14983
0.02284
0.72218
0.31711
0.46026
0.64344
0.01398
0.1866
0.73558
0.43757
0.34068
0.71035
0.293
0.30926
0.77588
0.79599
0.72066
0.5896
0.73283
0.27547
0.82496
0.33531
0.52333
0.03391
0.17656
0.50164
0.84692
0.66461
0.398
0.16486
0.31595
0.82057
0.01219
0.76305
0.07316
0.46193
0.72472
0.29907
0.01018
0.55739
0.15904
0.49241
0.01604
0.24939
0.11964
0.00539
0.09531
0.40573
0.1489
0.53707
0.52844
0.15691
0.98424
0.66379
0.40763
0.71737
0.55986
0.29848
0.48309
0.34882
0.32995
0.61469
0.36078
0.95474
0.66421
0.26999
0.80728
0.23859
0.38618
0.84063
0.10135
0.08753
0.07179
0.67933
0.31449
0.68042
0.05846
0.10752
0.42433
0.99355
0.89665
0.0424
0.46079
0.70269
0.08726
0.33635
0.01325
0.14596
0.29858
0.49756
0.87109
0.82813
0.64797
0.91405
0.36262
0.79836
0.71752
0.85091
0.99672
0.1573
0.41398
0.71316
0.56948
0.96144
0.64236
0.04416
0.67821
0.18853
0.31797
0.5128
0.77028
0.16494
0.00898
0.09319
0.78242
0.56914
0.52066
0.69441
0.77744
0.31058
0.78344
0.56406
0.0121
0.58431
0.36198
0.8697
0.69446
0.54096
0.4511
0.11659
0.67672
0.38086
0.18541
0.01224
0.48152
0.01455
0.64174
0.8193
0.47545
0.59351
0.11439
0.83748
0.03968
0.3676
0.24346
0.40864
0.24471
0.49379
0.34196
0.07144
0.47425
0.96391
0.59371
0.23092
0.90912
0.93412
0.29435
0.5569
0.92379
0.31323
0.5027
0.23025
0.9878
0.17064
0.57965
0.87193
0.6701
0.72291
0.8304
0.49288
0.2318
0.18766
0.45099
0.31023
0.42758
0.67764
0.47402
0.75651
0.0635
0.90361
0.20252
0.5527
0.98513
0.20734
0.49148
0.60732
0.09375
0.15344
0.98197
0.97431
0.05737
0.6061
0.6305
0.11531
0.14585
0.18077
0.74394
0.09209
0.32903
0.38849
0.06707
0.41029
0.09509
0.02238
0.86931
0.92181
0.01451
0.83604
0.53585
0.89424
0.9411
0.75937
0.79768
0.92044
0.92196
0.80832
0.27769
0.74778
0.72961
0.58307
0.56733
0.67952
0.85046
0.39526
0.69752
0.87099
0.70922
0.57903
0.10285
0.87285
0.31645
0.18067
0.80415
0.27884
0.12678
0.23965
0.7345
0.09984
0.99063
0.21101
0.19168
0.44892
0.39624
0.11179
0.83462
0.70296
0.79584
0.14801
0.37307
0.95516
0.9324
0.7224
0.39094
0.15111
0.55954
0.58999
0.61906
0.08557
0.98119
0.50883
0.67122
0.77872
0.41298
0.91555
0.52313
0.93151
0.30442
0.82627
0.60135
0.84926
0.56854
0.54829
0.45939
0.95419
0.07131
0.49617
0.13567
0.42149
0.08201
0.73342
0.91849
0.94705
0.2427
0.12283
0.76918
0.75639
0.18586
0.53261
0.73743
0.66847
0.14089
0.64868
0.88306
0.40569
0.87893
0.17271
0.52472
0.45598
0.72431
0.12436
0.06681
0.67508
0.43249
0.66239
0.51374
0.38554
0.47775
0.34871
0.0558
0.24504
0.02928
0.11884
0.10107
0.10436
0.24806
0.15568
0.85686
0.81405
0.10562
0.09713
0.46033
0.89892
0.86051
0.85772
0.11472
0.81783
0.94144
0.4058
0.13205
0.33031
0.59311
0.1471
0.03133
0.90665
0.28929
0.95335
0.63157
0.22836
0.40174
0.66065
0.90771
0.24575
0.19334
0.60172
0.79673
0.57624
0.29257
0.56514
0.67667
0.23304
0.25242
0.61511
0.11973
0.36502
0.35514
0.39912
0.54505
0.17401
0.11677
0.62122
0.5223
0.38325
0.1044
0.2705
0.5247
0.24423
0.63195
0.89143
0.98656
0.00284
0.08483
0.18271
0.92336
0.6492
0.37224
0.09202
0.2831
0.67209
0.91096
0.09613
0.59435
0.00196
0.27393
0.31199
0.60167
0.09435
0.36067
0.96653
0.47557
0.60917
0.54799
0.70498
0.64455
0.51235
0.80533
0.25594
0.06208
0.4393
0.28453
0.23993
0.66379
0.45967
0.18595
0.81157
0.07473
0.84334
0.13648
0.49129
0.61582
0.93798
0.99399
0.21421
0.50843
0.31957
0.07392
0.6134
0.68068
0.61048
0.66321
0.41042
0.15263
0.98883
0.19895
0.20031
0.62418
0.87182
0.55369
0.79904
0.94079
0.72059
0.64842
0.28839
0.95856
0.22432
0.12182
0.05815
0.38567
0.11232
0.78819
0.51944
0.62716
0.11545
0.81559
0.42145
0.0668
0.93983
0.90169
0.37437
0.77536
0.30758
0.38053
0.4466
0.8941
0.21116
0.93342
0.61738
0.14141
0.61708
0.12813
0.39749
0.14876
0.20536
0.85695
0.12124
0.9074
0.4764
0.19743
0.69652
0.84852
0.06796
0.24794
0.12575
0.00042
0.57703
0.29011
0.21105
0.85504
0.40368
0.60354
0.50196
0.91559
0.28138
0.27915
0.25318
0.93852
0.97408
0.32947
0.06276
0.88164
0.02765
0.09533
0.6982
0.21496
0.02789
0.40898
0.77945
0.03172
0.20827
0.18515
0.00341
0.41199
0.90366
0.62976
0.52789
0.95685
0.11518
0.40486
0.68492
0.75611
0.38262
0.4724
0.58448
0.09579
0.15091
0.6659
0.83295
0.67418
0.72525
0.9623
0.01996
0.63178
0.231
0.04307
0.26461
0.70134
0.6531
0.92019
0.98596
0.20398
0.88563
0.94122
0.5342
0.31332
0.15219
0.2354
0.67567
0.08049
0.59047
0.53851
0.51207
0.53638
0.2705
0.22382
0.96177
0.47475
0.28276
0.22922
0.04797
0.47813
0.58797
0.57492
0.2832
0.58043
0.87782
0.08928
0.77072
0.25102
0.1823
0.47526
0.98108
0.12517
0.03783
0.03986
0.0069
0.0998
0.3506
0.12842
0.76943
0.47179
0.9656
0.92307
0.4639
0.6064
0.96212
0.71499
0.54304
0.47062
0.14906
0.62975
0.83678
0.05746
0.20914
0.74474
0.19407
0.2379
0.62703
0.44796
0.74728
0.27386
0.36585
0.81244
0.33817
0.37527
0.92181
0.9724
0.42925
0.18706
0.46036
0.06965
0.18305
0.74411
0.41704
0.53378
0.29678
0.5877
0.93175
0.07909
0.06894
0.52586
0.9294
0.2964
0.79288
0.10193
0.60781
0.86224
0.43784
0.74589
0.39324
0.83597
0.7726
0.49834
0.29182
0.27606
0.69158
0.15524
0.10077
0.73065
0.91298
0.25808
0.5714
0.9165
0.42207
0.50236
0.34429
0.64018
0.65409
0.95499
0.46651
0.67054
0.51885
0.40851
0.22323
0.65935
0.0018
0.29459
0.05775
0.39178
0.91014
0.4003
0.83647
0.16758
0.66934
0.40798
0.63629
0.24221
0.55086
0.22646
0.64485
0.02663
0.45546
0.87209
0.2611
0.84074
0.29726
0.98529
0.03141
0.43593
0.90056
0.71558
0.63728
0.26878
0.85293
0.25096
0.2157
0.63216
0.68594
0.03521
0.65732
0.67557
0.38008
0.01962
0.82645
0.99865
0.37985
0.82529
0.03205
0.8431
0.35341
0.15357
0.0967
0.49702
0.21827
0.25316
0.46152
0.98318
0.29474
0.49177
0.52652
0.58701
0.1026
0.57714
0.23816
0.23891
0.55307
0.69076
0.02318
0.13231
0.26739
0.5288
0.03869
0.9843
0.71247
0.02228
0.25621
0.31924
0.58417
0.02055
0.3354
0.11339
0.9259
0.96399
0.43023
0.74709
0.82798
0.91142
0.97381
0.84133
0.82747
0.5578
0.55164
0.0145
0.28528
0.0783
0.64412
0.00808
0.38996
0.7915
0.37315
0.88696
0.31637
0.29456
0.19991
0.68427
0.18497
0.58476
0.90613
0.8753
0.32838
0.08141
0.57494
0.33494
0.90612
0.42109
0.5445
0.77497
0.32592
0.28111
0.07435
0.31379
0.99591
0.44132
0.21968
0.36522
0.0342
0.98972
0.05307
0.81861
0.61676
0.71499
0.15586
0.83844
0.93378
0.41459
0.61027
0.05212
0.17307
0.6453
0.96933
0.59228
0.12672
0.10705
0.72829
0.58116
0.58316
0.39813
0.92319
0.70725
0.67847
0.56731
0.85815
0.07892
0.489
0.63575
0.81688
0.70172
0.47946
0.41382
0.14804
0.67285
0.07901
0.71694
0.48478
0.25881
0.25078
0.44727
0.79002
0.22211
0.41714
0.3548
0.79347
0.77766
0.35296
0.37974
0.17018
0.21267
0.029
0.49857
0.95142
0.75994
0.2938
0.75691
0.97322
0.57424
0.61819
0.85149
0.49139
0.122
0.98959
0.21999
0.30537
0.42178
0.38369
0.84004
0.36994
0.25934
0.68718
0.33469
0.09409
0.94491
0.21437
0.67045
0.07177
0.8444
0.27643
0.23995
0.07381
0.43657
0.91476
0.82931
0.94556
0.42262
0.8924
0.26693
0.45208
0.90606
0.63134
0.12486
0.48941
0.06132
0.11168
0.43515
0.83392
0.55264
0.24114
0.65782
0.73437
0.20837
0.67619
0.71544
0.2307
0.0065
0.1099
0.46556
0.9878
0.59474
0.65664
0.86192
0.98207
0.46844
0.32678
0.60529
0.42227
0.76166
0.78831
0.00074
0.41335
0.75345
0.84156
0.49007
0.14833
0.01223
0.89213
0.84447
0.27251
0.97492
0.962
0.29998
0.65543
0.0508
0.28089
0.10773
0.36528
0.234
0.39867
0.77757
0.96034
0.64134
0.76192
0.552
0.32243
0.72386
0.68832
0.66655
0.8623
0.39696
0.38837
0.59185
0.6396
0.18415
0.40943
0.75812
0.46219
0.45175
0.0524
0.49512
0.59782
0.01035
0.94328
0.05523
0.72654
0.95855
0.15084
0.78438
0.40634
0.55086
0.02179
0.44511
0.79416
0.55686
0.82467
0.2045
0.45556
0.69163
0.15565
0.7933
0.47187
0.87084
0.187
0.7777
0.60005
0.32635
0.04457
0.24422
0.62763
0.8977
0.20783
0.72033
0.24518
0.28303
0.49671
0.0977
0.54878
0.43495
0.10876
0.01469
0.6706
0.91366
0.64338
0.1839
0.98787
0.77164
0.94983
0.99106
0.08643
0.81387
0.88276
0.22697
0.64288
0.23224
0.99858
0.44827
0.96096
0.2845
0.0372
0.20796
0.58442
0.33986
0.56776
0.50777
0.23346
0.92606
0.54256
0.43631
0.61635
0.00444
0.56586
0.32417
0.61759
0.33982
0.48998
0.16513
0.67539
0.80233
0.35798
0.42351
0.02234
0.8122
0.74807
0.65492
0.377
0.69283
0.75192
0.21502
0.1402
0.78622
0.79631
0.88956
0.98977
0.19462
0.89309
0.93501
0.48517
0.08229
0.71011
0.80574
0.89325
0.87207
0.99009
0.29819
0.09123
0.09237
0.12183
0.60126
0.25187
0.45428
0.99362
0.31164
0.59522
0.62348
0.95577
0.539
0.85182
0.74366
0.16775
0.29284
0.08086
0.75032
0.12157
0.144
0.23524
0.56576
0.91717
0.04084
0.99478
0.35869
0.29557
0.59139
0.30601
0.10959
0.20551
0.33453
0.531
0.68528
0.02913
0.59715
0.52694
0.83147
0.30964
0.49007
0.19095
0.00805
0.54697
0.92264
0.35444
0.46294
0.62072
0.60193
0.46516
0.66764
0.73023
0.77295
0.02743
0.12611
0.52048
0.45808
0.60967
0.90998
0.39076
0.56323
0.15796
0.12036
0.56297
0.42417
0.29587
0.19269
0.2938
0.5898
0.629
0.68758
0.77152
0.29091
0.59308
0.66736
0.56653
0.40632
0.63484
0.10254
0.54694
0.38076
0.50679
0.08773
0.31227
0.9711
0.47001
0.00984
0.66604
0.18176
0.53771
0.99986
0.15282
0.53377
0.11441
0.73971
0.49507
0.56727
0.77838
0.11549
0.06433
0.17836
0.60728
0.14093
0.59747
0.99796
0.30048
0.79469
0.18932
0.76882
0.46109
0.35452
0.8287
0.45585
0.49258
0.76027
0.60309
0.96741
0.55294
0.21054
0.57193
0.80743
0.93469
0.09194
0.71452
0.52055
0.49026
0.85324
0.57255
0.76601
0.5471
0.29146
0.49724
0.02039
0.3364
0.13795
0.50765
0.93621
0.68996
0.00902
0.20703
0.0809
0.57452
0.20895
0.09376
0.37973
0.3432
0.02201
0.72365
0.76354
0.48729
0.16953
0.96464
0.84353
0.13517
0.1304
0.36081
0.5402
0.13595
0.9268
0.81876
0.4459
0.12981
0.5
0.84815
0.76733
0.13645
0.22402
0.08907
0.39605
0.04357
0.73519
0.13035
0.3027
0.99007
0.05776
0.25804
0.02352
0.82058
0.84616
0.01247
0.33524
0.44529
0.22489
0.205
0.17195
0.17323
0.05632
0.96827
0.45664
0.77584
0.26928
0.32511
0.49153
0.16647
0.64309
0.3224
0.84113
0.14727
0.42307
0.95796
0.99689
0.84718
0.88811
0.29708
0.53589
0.19917
0.44607
0.35742
0.86802
0.46529
0.9359
0.18323
0.57056
0.52773
0.83013
0.86224
0.03773
0.87978
0.52722
0.28175
0.73242
0.2603
0.41085
0.91079
0.07484
0.69972
0.49437
0.88296
0.78683
0.80681
0.13378
0.15192
0.67317
0.22321
0.41396
0.73388
0.72897
0.19382
0.37104
0.29539
0.66054
0.18017
0.61623
0.68172
0.61156
0.72115
0.90636
0.72685
0.63655
0.11411
0.42921
0.62974
0.20569
0.52064
0.1185
0.00705
0.82037
0.989
0.9713
0.55539
0.86501
0.33162
0.2229
0.48552
0.7292
0.94475
0.59873
0.96998
0.0464
0.74872
0.5069
0.27805
0.67944
0.09638
0.22587
0.3022
0.09493
0.90918
0.20747
0.91078
0.78162
0.39851
0.8969
0.73753
0.40306
0.50868
0.46754
0.80354
0.64329
0.91727
0.44775
0.69773
0.25161
0.65463
0.92415
0.95407
0.72856
0.1055
0.00354
0.8178
0.7024
0.89138
0.95671
0.15067
0.62661
0.96762
0.56664
0.6105
0.25084
0.43509
0.08856
0.27748
0.61714
0.97893
0.30955
0.74695
0.29236
0.50624
0.04663
0.24295
0.92669
0.26029
0.37483
0.3487
0.05369
0.11307
0.68612
0.31013
0.63065
0.09782
0.78566
0.38451
0.74659
0.11141
0.34272
0.27284
0.79126
0.83354
0.4461
0.91171
0.83671
0.92006
0.40018
0.03204
0.47466
0.40091
0.61867
0.96874
0.92251
0.80022
0.19838
0.17766
0.19413
0.00818
0.32734
0.57526
0.79812
0.77073
0.37839
0.717
0.23112
0.0505
0.03633
0.02834
0.77622
0.16236
0.11636
0.45964
0.44182
0.67049
0.76567
0.80653
0.82348
0.10634
0.3484
0.76555
0.89047
0.38748
0.18571
0.20662
0.36702
0.59886
0.10907
0.69366
0.23415
0.90837
0.73125
0.42797
0.60901
0.29837
0.18644
0.42737
0.47813
0.38322
0.64603
0.24221
0.75395
0.20761
0.44998
0.57566
0.21346
0.06273
0.25976
0.91351
0.56384
0.32736
0.30737
0.86122
0.0845
0.67388
0.80102
0.74442
0.54446
0.63808
0.42322
0.05551
0.63975
0.93107
0.06335
0.56692
0.70101
0.6709
0.78967
0.83366
0.58838
0.0197
0.3903
0.22446
0.04456
0.58051
0.59938
0.77596
0.76747
0.59949
0.80532
0.11588
0.77042
0.67961
0.4768
0.22745
0.04025
0.83196
0.75923
0.73585
0.65951
0.65674
0.81302
0.48035
0.38031
0.92263
0.86112
0.56495
0.1976
0.54264
0.92614
0.8308
0.72234
0.52473
0.41609
0.43516
0.07685
0.86868
0.92541
0.138
0.2855
0.27989
0.91396
0.26295
0.36039
0.18232
0.65046
0.81912
0.52226
0.48034
0.12191
0.79172
0.89775
0.62259
0.7742
0.63237
0.93187
0.86551
0.27696
0.77487
0.98578
0.97316
0.5609
0.31934
0.90341
0.37582
0.86522
0.56877
0.16046
0.39043
0.62753
0.14987
0.53134
0.22919
0.02125
0.40824
0.39372
0.41311
0.49
0.48364
0.48723
0.0322
0.98676
0.23119
0.95216
0.13348
0.19551
0.82592
0.08502
0.29761
0.8713
0.66241
0.8736
0.63154
0.6006
0.26601
0.95392
0.43848
0.23872
0.03338
0.76729
0.43523
0.90714
0.25142
0.20366
0.77122
0.96809
0.4609
0.57548
0.54423
0.90571
0.40862
0.2794
0.04552
0.86639
0.61504
0.96081
0.57884
0.84581
0.5181
0.28391
0.86915
0.01038
0.02768
0.09121
0.5692
0.14553
0.67106
0.5087
0.16505
0.07104
0.19236
0.74562
0.98674
0.23482
0.24475
0.56401
0.83111
0.93594
0.0769
0.47965
0.96809
0.19749
0.62478
0.32994
0.26744
0.48195
0.35868
0.15375
0.57333
0.21008
0.24539
0.18133
0.40494
0.57977
0.19014
0.45646
0.09301
0.38394
0.68855
0.65265
0.51961
0.51563
0.21389
0.4042
0.46711
0.42965
0.83056
0.38157
0.19817
0.86491
0.25448
0.94253
0.09005
0.82333
0.83931
0.7192
0.96254
0.17769
0.23233
0.67526
0.53657
0.07082
0.88764
0.2841
0.51055
0.08332
0.45583
0.13784
0.51117
0.2288
0.02259
0.10735
0.94837
0.83662
0.62686
0.93196
0.56138
0.59472
0.68906
0.05702
0.82449
0.36189
0.94492
0.02169
0.54915
0.34359
0.67112
0.08802
0.61498
0.42877
0.78753
0.32613
0.15258
0.71861
0.45454
0.74088
0.92182
0.18685
0.85258
0.03869
0.58104
0.28636
0.93892
0.58883
0.75905
0.23144
0.76312
0.65286
0.86273
0.11444
0.89937
0.09789
0.76693
0.59043
0.62311
0.31411
0.75123
0.49136
0.74342
0.30929
0.27091
0.30645
0.92862
0.42593
0.62001
0.32593
0.36955
0.96932
0.39488
0.13356
0.26298
0.60669
0.43986
0.18107
0.02065
0.20837
0.26162
0.40069
0.63671
0.43496
0.30573
0.91316
0.36834
0.41811
0.28834
0.00337
0.87092
0.47425
0.4452
0.93326
0.77586
0.71531
0.65509
0.31063
0.344
0.19613
0.81004
0.78724
0.71216
0.11774
0.95796
0.11458
0.75441
0.02617
0.85197
0.03049
0.1909
0.77567
0.77098
0.03129
0.38828
0.1483
0.81484
0.01614
0.67665
0.7995
0.91398
0.35889
0.25359
0.37159
0.19504
0.63121
0.02528
0.07547
0.61955
0.32732
0.25552
0.46468
0.28854
0.26013
0.26218
0.89006
0.49266
0.7397
0.22288
0.32104
0.41354
0.31759
0.66521
0.95785
0.51702
0.24694
0.42537
0.20099
0.96827
0.96317
0.06803
0.34358
0.27025
0.22931
0.99929
0.16242
0.08165
0.53976
0.62495
0.02765
0.24074
0.90523
0.40152
0.83585
0.79977
0.96646
0.75447
0.64328
0.79743
0.61495
0.02277
0.93449
0.85315
0.54814
0.84979
0.031
0.16613
0.68884
0.14498
0.44975
0.44119
0.43834
0.19847
0.74227
0.38625
0.4156
0.33761
0.76493
0.41417
0.20268
0.49948
0.25711
0.66085
0.43614
0.22462
0.39275
0.76937
0.49207
0.07367
0.23915
0.50689
0.55013
0.42743
0.73997
0.33473
0.55719
0.50164
0.97424
0.95462
0.083
0.46007
0.96638
0.31236
0.99743
0.33656
0.97116
0.68424
0.14286
0.30403
0.61991
0.2076
0.95064
0.49872
0.57485
0.77971
0.28185
0.27497
0.9637
0.16905
0.27124
0.69532
0.39539
0.66706
0.22841
0.52352
0.93274
0.42834
0.92156
0.20318
0.95378
0.62522
0.00164
0.79115
0.68772
0.23882
0.59421
0.71355
0.6435
0.77676
0.37778
0.57476
0.74526
0.49352
0.67445
0.68476
0.34825
0.26568
0.51038
0.59074
0.48432
0.63707
0.86661
0.53048
0.70208
0.23201
0.08892
0.95495
0.17628
0.96524
0.82764
0.23917
0.08491
0.94923
0.75684
0.47297
0.49272
0.08065
0.88963
0.16984
0.77191
0.12393
0.25779
0.5072
0.14734
0.33576
0.49008
0.24724
0.04823
0.27222
0.32108
0.65411
0.92674
0.97202
0.46051
0.89223
0.35086
0.45239
0.19005
0.38133
0.18678
0.53368
0.3303
0.61665
0.07529
0.9346
0.55714
0.2484
0.02626
0.85396
0.81325
0.96856
0.78209
0.19782
0.91346
0.59308
0.89982
0.08887
0.53617
0.27896
0.35419
0.09323
0.36183
0.45811
0.44551
0.22353
0.00333
0.18401
0.72029
0.18475
0.25461
0.08626
0.62053
0.30548
0.55643
0.18614
0.38077
0.64515
0.37107
0.99808
0.35451
0.43572
0.795
0.49511
0.71709
0.38287
0.85105
0.15601
0.77164
0.81796
0.20474
0.58955
0.15855
0.38375
0.88528
0.50949
0.91929
0.13152
0.80468
0.81772
0.39575
0.1625
0.7686
0.52859
0.19996
0.63608
0.65831
0.54702
0.24632
0.17128
0.68339
0.7644
0.9112
0.62984
0.4862
0.83313
0.75693
0.29942
0.2284
0.1091
0.14551
0.99426
0.85119
0.63015
0.85966
0.39981
0.97245
0.29741
0.51862
0.95841
0.91275
0.51536
0.15782
0.71354
0.87339
0.42963
0.75663
0.97031
0.21421
0.26316
0.15385
0.02921
0.84987
0.87001
0.84162
0.79223
0.80025
0.28074
0.97544
0.70276
0.81072
0.93716
0.64668
0.49502
0.08625
0.46695
0.89702
0.61244
0.71029
0.27466
0.29393
0.56739
0.92595
0.36684
0.70251
0.39368
0.28168
0.10638
0.55215
0.99452
0.77421
0.95792
0.64698
0.35265
0.34478
0.80296
0.62773
0.90853
0.01375
0.05814
0.43511
0.79616
0.58646
0.64152
0.24647
0.2161
0.72205
0.09846
0.6156
0.41744
0.52855
0.14164
0.86586
0.81724
0.90664
0.95253
0.08638
0.63108
0.88921
0.11679
0.74851
0.13717
0.82447
0.78582
0.18138
0.50719
0.44718
0.8711
0.12868
0.48174
0.90432
0.71318
0.37756
0.51925
0.0915
0.57688
0.73795
0.11017
0.90204
0.95433
0.94782
0.007
0.41828
0.89731
0.51538
0.79757
0.59755
0.10241
0.18088
0.70301
0.49049
0.51992
0.58068
0.22575
0.4206
0.52077
0.65959
0.43682
0.65482
0.36718
0.96194
0.55984
0.90744
0.50104
0.93102
0.14726
0.08894
0.7861
0.38318
0.95944
0.61534
0.64763
0.41141
0.30445
0.56425
0.7031
0.75103
0.58504
0.06987
0.93451
0.30588
0.48857
0.33679
0.66372
0.57319
0.50138
0.97688
0.39394
0.80496
0.91846
0.0785
0.13126
0.82783
0.57092
0.27883
0.31971
0.16691
0.33968
0.74987
0.8296
0.5407
0.29539
0.52427
0.6926
0.78004
0.10925
0.2368
0.4612
0.26284
0.83798
0.56938
0.63227
0.36555
0.11712
0.55337
0.20832
0.15877
0.29215
0.2795
0.13939
0.79872
0.73854
0.37369
0.30317
0.61473
0.94984
0.47377
0.62119
0.42972
0.61622
0.41538
0.4647
0.49734
0.68383
0.20712
0.49495
0.99681
0.82182
0.88945
0.59545
0.33663
0.4966
0.32069
0.08889
0.4014
0.98296
0.76246
0.0087
0.85899
0.08971
0.1237
0.6212
0.47778
0.74447
0.77246
0.16159
0.43291
0.76107
0.41377
0.24544
0.0309
0.78847
0.83377
0.54272
0.12778
0.89527
0.88774
0.61431
0.90633
0.46868
0.98717
0.48705
0.95176
0.00081
0.22188
0.70943
0.16796
0.48752
0.11653
0.66781
0.50342
0.48534
0.74653
0.45475
0.22557
0.87959
0.35185
0.6125
0.01212
0.21058
0.68517
0.13026
0.46621
0.00896
0.904
0.55732
0.32735
0.00548
0.25032
0.88929
0.45692
0.45939
0.23401
0.58489
0.60656
0.27811
0.12091
0.30077
0.3007
0.66558
0.84089
0.49913
0.97205
0.09614
0.67887
0.49559
0.12898
0.68403
0.58979
0.10379
0.37604
0.09891
0.9508
0.86757
0.75582
0.63915
0.85899
0.66866
0.7395
0.3613
0.19548
0.83605
0.03341
0.56864
0.67329
0.5543
0.12553
0.17901
0.35506
0.44607
0.81627
0.01515
0.13025
0.34964
0.04958
0.22036
0.03171
0.24795
0.5053
0.69557
0.53082
0.2701
0.56164
0.59129
0.80227
0.81498
0.74128
0.68069
0.40363
0.05263
0.30001
0.56488
0.73765
0.34298
0.7774
0.15835
0.30926
0.14154
0.11865
0.71182
0.75562
0.35416
0.50291
0.69093
0.79683
0.44926
0.11082
0.49519
0.70929
0.82801
0.1944
0.60601
0.39334
0.63805
0.93049
0.47214
0.93182
0.64474
0.73405
0.66562
0.38632
0.59343
0.73602
0.18848
0.07066
0.71613
0.33185
0.0657
0.87469
0.02539
0.32686
0.70735
0.46113
0.09203
0.70202
0.2485
0.16886
0.01933
0.79743
0.36503
0.10176
0.74521
0.4399
0.95629
0.17678
0.5135
0.25426
0.2408
0.13211
0.86884
0.14829
0.36923
0.07538
0.67624
0.72652
0.62059
0.40517
0.27746
0.27021
0.01342
0.34177
0.10488
0.41171
0.5406
0.63271
0.41096
0.0011
0.13765
0.00212
0.42252
0.2353
0.10712
0.47669
0.26691
0.48169
0.46178
0.71857
0.86949
0.35829
0.51915
0.67529
0.81919
0.83323
0.05536
0.25869
0.05264
0.20443
0.46752
0.10598
0.1515
0.93532
0.35014
0.43609
0.26085
0.10462
0.77699
0.0371
0.13229
0.6315
0.99707
0.74114
0.56317
0.56273
0.67519
0.63984
0.26753
0.64476
0.77151
0.93066
0.40551
0.96196
0.88399
0.16598
0.12169
0.05188
0.01653
0.23018
0.70498
0.11362
0.33983
0.75374
0.81457
0.24894
0.51725
0.96915
0.78354
0.58585
0.40428
0.45162
0.18571
0.32929
0.49208
0.19965
0.72298
0.45715
0.53668
0.52487
0.0021
0.05838
0.9873
0.41189
0.71127
0.40234
0.64421
0.96732
0.90443
0.90321
0.3218
0.37977
0.15003
0.10072
0.88607
0.37603
0.42091
0.14981
0.92048
0.13353
0.47461
0.5899
0.74972
0.03394
0.59645
0.31276
0.11532
0.30301
0.48412
0.0832
0.73015
0.19015
0.23219
0.79336
0.97764
0.46747
0.01706
0.69475
0.16619
0.05984
0.45214
0.99087
0.95511
0.24093
0.56893
0.32963
0.12032
0.16091
0.74792
0.23201
0.16879
0.42824
0.37005
0.91615
0.42237
0.37342
0.74741
0.42657
0.28912
0.46897
0.49165
0.81308
0.2899
0.38695
0.54383
0.46331
0.22438
0.63848
0.08888
0.03095
0.63462
0.46706
0.9888
0.75538
0.44946
0.25614
0.59711
0.99422
0.96376
0.20961
0.8143
0.07538
0.92468
0.86927
0.7845
0.56625
0.05911
0.79627
0.92367
0.02465
0.53894
0.99717
0.32828
0.36275
0.64766
0.65655
0.74456
0.4633
0.64201
0.67227
0.64917
0.39648
0.2118
0.48364
0.34837
0.7852
0.29739
0.83074
0.17052
0.47916
0.44163
0.33733
0.06939
0.73209
0.31293
0.48125
0.01122
0.56935
0.01024
0.49746
0.7723
0.12342
0.13087
0.38407
0.83523
0.24543
0.88909
0.24764
0.72594
0.58684
0.05614
0.83196
0.35477
0.48256
0.60661
0.94868
0.59763
0.97152
0.77336
0.05541
0.06099
0.99545
0.22131
0.00891
0.13649
0.08831
0.74107
0.66209
0.37161
0.80522
0.7168
0.05515
0.90214
0.09115
0.67018
0.0236
0.4914
0.11169
0.44214
0.84656
0.6373
0.7003
0.12622
0.41764
0.64797
0.56694
0.34282
0.98378
0.00366
0.18893
0.5811
0.37235
0.87379
0.98722
0.29866
0.79491
0.38295
0.12486
0.956
0.88335
0.06037
0.17984
0.3717
0.46639
0.65199
0.8294
0.60727
0.61508
0.56076
0.59277
0.44926
0.14531
0.30958
0.2593
0.98447
0.92445
0.30762
0.80366
0.21867
0.45366
0.08185
0.49124
0.19207
0.95926
0.22822
0.65158
0.66116
0.23482
0.66133
0.6992
0.50043
0.74068
0.75716
0.9698
0.10818
0.97411
0.9508
0.24973
0.96815
0.30694
0.57956
0.01404
0.43439
0.0821
0.901
0.32529
0.8802
0.31519
0.1234
0.69735
0.88704
0.27494
0.30242
0.31007
0.27
0.92018
0.20759
0.50719
0.3575
0.79869
0.55069
0.68222
0.91088
0.22225
0.59147
0.52402
0.98394
0.23639
0.84126
0.89011
0.87445
0.15581
0.34995
0.4991
0.99339
0.76028
0.5863
0.74324
0.92257
0.54652
0.91725
0.45212
0.75977
0.97913
0.75806
0.47648
0.65378
0.24337
0.61342
0.08622
0.16531
0.80997
0.35793
0.08064
0.32806
0.16699
0.16536
0.29784
0.5579
0.65943
0.94826
0.66588
0.61418
0.33958
0.08833
0.01125
0.16504
0.37785
0.10305
0.84464
0.9606
0.87769
0.93513
0.53034
0.7941
0.28812
0.40717
0.18394
0.16473
0.37994
0.55114
0.025
0.23758
0.19179
0.738
0.35057
0.85578
0.57101
0.54522
0.81469
0.96575
0.54961
0.35005
0.5939
0.79712
0.33694
0.85593
0.37962
0.35841
0.69762
0.49151
0.76027
0.94912
0.71031
0.00613
0.73442
0.83417
0.57674
0.92675
0.21717
0.72538
0.53949
0.77366
0.46818
0.19098
0.22498
0.11337
0.60522
0.74041
0.15767
0.11732
0.46917
0.44467
0.66851
0.48293
0.16429
0.48018
0.18897
0.87832
0.84589
0.03153
0.47455
0.4162
0.33789
0.14854
0.95272
0.55862
0.56333
0.81217
0.58471
0.17479
0.75151
0.19383
0.04388
0.19111
0.64737
0.98792
0.53651
0.65784
0.16842
0.5728
0.81032
0.08566
0.6093
0.95694
0.33163
0.35957
0.88449
0.11698
0.76099
0.27591
0.86
0.5737
0.13015
0.28383
0.76592
0.83153
0.03194
0.73312
0.63354
0.08996
0.99478
0.90786
0.39982
0.19787
0.0001
0.32028
0.70019
0.23443
0.91505
0.66182
0.05616
0.06149
0.75456
0.24048
0.66642
0.8443
0.72235
0.28045
0.66556
0.19232
0.86403
0.82469
0.78302
0.09605
0.87494
0.14567
0.87875
0.66992
0.45404
0.88739
0.13709
0.421
0.78603
0.90651
0.78313
0.2451
0.8923
0.08695
0.73674
0.72932
0.98574
0.17242
0.55591
0.25197
0.58038
0.34135
0.08143
0.68927
0.76358
0.95208
0.59642
0.87516
0.21472
0.89666
0.44326
0.26009
0.29753
0.19765
0.12893
0.39627
0.98088
0.74079
0.12332
0.42692
0.51929
0.48174
0.06121
0.35126
0.63553
0.19628
0.46405
0.42948
0.01295
0.15973
0.54323
0.74049
0.26662
0.2917
0.6448
0.16897
0.7328
0.78291
0.73776
0.39956
0.19167
0.4681
0.20854
0.8708
0.39751
0.26051
0.55693
0.37744
0.2633
0.94957
0.64316
0.69418
0.24355
0.70751
0.37022
0.04465
0.77733
0.73242
0.38103
0.4124
0.72724
0.17968
0.14273
0.12182
0.90099
0.47582
0.02611
0.75424
0.68926
0.26459
0.09076
0.8373
0.26241
0.66223
0.13356
0.02699
0.55217
0.46652
0.03193
0.7167
0.10227
0.40395
0.06815
0.47149
0.3492
0.45289
0.8809
0.06261
0.15104
0.26387
0.77819
0.6728
0.3328
0.43711
0.97274
0.04925
0.58491
0.11719
0.66412
0.28868
0.78506
0.91178
0.54164
0.57202
0.54026
0.15089
0.06778
0.53762
0.38395
0.22013
0.94905
0.14843
0.65336
0.77223
0.22674
0.65856
0.92361
0.91408
0.00631
0.98823
0.1479
0.5007
0.05407
0.55675
0.96408
0.48227
0.33877
0.30341
0.84917
0.31011
0.41614
0.92974
0.35655
0.64962
0.81571
0.54839
0.28958
0.85968
0.92074
0.19596
0.45427
0.89364
0.87746
0.45685
0.4274
0.99873
0.23089
0.07088
0.96902
0.28418
0.56096
0.66611
0.5231
0.81984
0.13488
0.76944
0.6969
0.37449
0.93883
0.88075
0.04288
0.35474
0.93462
0.03245
0.85446
0.15089
0.91553
0.39054
0.7317
0.50155
0.92031
0.98555
0.80613
0.89474
0.82941
0.19051
0.95939
0.17433
0.86944
0.0394
0.03594
0.77344
0.86191
0.34338
0.62483
0.56137
0.37135
0.73235
0.60119
0.54956
0.82187
0.96106
0.21839
0.02204
0.11829
0.47093
0.00239
0.44177
0.79954
0.80987
0.86573
0.8731
0.09327
0.89257
0.89116
0.27088
0.79644
0.50517
0.1312
0.35257
0.32642
0.89246
0.17656
0.95891
0.95295
0.80907
0.79844
0.55409
0.94272
0.36291
0.82252
0.26581
0.64208
0.24855
0.06023
0.09158
0.94459
0.95588
0.32368
0.44796
0.75248
0.948
0.70115
0.48101
0.87508
0.4892
0.41855
0.73467
0.73659
0.46831
0.06883
0.61624
0.33264
0.19001
0.3893
0.99033
0.34641
0.54148
0.31225
0.78488
0.02832
0.07297
0.75237
0.71824
0.02974
0.17903
0.71175
0.60936
0.72182
0.44374
0.53792
0.01786
0.08552
0.83841
0.04458
0.59021
0.02516
0.54714
0.26546
0.30659
0.77603
0.86011
0.74191
0.85595
0.83165
0.47733
0.30073
0.55112
0.16471
0.92938
0.53779
0.96617
0.78497
0.67218
0.00677
0.3383
0.98508
0.55987
0.71084
0.41164
0.99249
0.72141
0.83141
0.82346
0.34074
0.41914
0.78986
0.06035
0.87094
0.59841
0.43627
0.13208
0.51086
0.49533
0.08753
0.54454
0.03057
0.94873
0.54568
0.40123
0.75366
0.85924
0.71032
0.43372
0.3654
0.96616
0.59358
0.61932
0.35448
0.22619
0.33591
0.67616
0.59345
0.01235
0.79716
0.36229
0.90469
0.89267
0.81688
0.8012
0.82708
0.94898
0.60955
0.61238
0.14513
0.74569
0.22683
0.01695
0.30417
0.04342
0.58274
0.94374
0.69723
0.77549
0.41633
0.68219
0.16115
0.26835
0.43705
0.98894
0.74195
0.17013
0.10213
0.03909
0.37125
0.08604
0.75961
0.96394
0.9624
0.35209
0.94554
0.72994
0.25768
0.0553
0.28879
0.89171
0.47902
0.0877
0.64261
0.63516
0.26982
0.16438
0.87099
0.79229
0.40577
0.04978
0.83115
0.03051
0.72061
0.31868
0.89477
0.84811
0.57375
0.79161
0.05206
0.87025
0.64183
0.25918
0.04601
0.94066
0.99413
0.36978
0.21173
0.21645
0.49404
0.70583
0.39596
0.50045
0.72866
0.95341
0.15303
0.72988
0.57396
0.56604
0.93191
0.53075
0.03727
0.29574
0.88881
0.63307
0.77517
0.84004
0.49729
0.1014
0.8411
0.26892
0.17689
0.36933
0.72523
0.51132
0.15354
0.31298
0.91852
0.77795
0.754
0.16672
0.90333
0.94178
0.07311
0.58966
0.95471
0.26501
0.67925
0.74291
0.89325
0.851
0.15065
0.87053
0.34126
0.47285
0.43928
0.2865
0.06636
0.81785
0.80025
0.24405
0.84297
0.00125
0.11182
0.67813
0.93889
0.25641
0.5247
0.93156
0.59462
0.86899
0.10822
0.86454
0.17726
0.50143
0.27034
0.89665
0.38689
0.13153
0.97768
0.43683
0.7516
0.49216
0.34197
0.9501
0.8296
0.27101
0.05538
0.0543
0.76546
0.89081
0.37972
0.48069
0.28821
0.26483
0.34703
0.30084
0.15946
0.23896
0.50775
0.41014
0.62745
0.53387
0.32117
0.48277
0.15739
0.18198
0.97151
0.95309
0.21055
0.77085
0.10427
0.60739
0.33046
0.99827
0.13429
0.80592
0.45133
0.10345
0.0182
0.67608
0.3769
0.04712
0.08859
0.43487
0.60459
0.83067
0.34961
0.22996
0.90809
0.19903
0.58514
0.75519
0.97937
0.49047
0.05156
0.67867
0.67509
0.41563
0.37101
0.97605
0.97566
0.70039
0.15486
0.40723
0.63743
0.28004
0.2308
0.88136
0.73167
0.42979
0.01782
0.64054
0.98135
0.29766
0.26284
0.05927
0.09661
0.0099
0.30716
0.25361
0.8615
0.8397
0.46821
0.59007
0.47668
0.72119
0.62736
0.23027
0.63135
0.59917
0.99469
0.58808
0.34372
0.28716
0.81077
0.77935
0.41435
0.36023
0.82253
0.76936
0.68146
0.13001
0.82896
0.33922
0.35835
0.95598
0.84732
0.22952
0.1182
0.9182
0.85399
0.9078
0.4402
0.42272
0.2827
0.01281
0.68784
0.31588
0.77169
0.80647
0.4783
0.75679
0.56392
0.73686
0.84389
0.4688
0.79884
0.06099
0.37422
0.64204
0.21977
0.59509
0.98982
0.52953
0.13683
0.90431
0.16434
0.15809
0.22241
0.44999
0.97606
0.4923
0.54317
0.85906
0.70429
0.912
0.31247
0.78504
0.18554
0.71347
0.538
0.67057
0.10585
0.26323
0.12471
0.31193
0.2966
0.47819
0.77233
0.9389
0.41921
0.86711
0.5363
0.83813
0.13021
0.46076
0.52558
0.57631
0.31094
0.63638
0.53318
0.03661
0.65416
0.80467
0.40066
0.6094
0.3351
0.21664
0.86229
0.28147
0.76523
0.043
0.43245
0.22702
0.02519
0.64082
0.69602
0.00555
0.34281
0.64926
0.56071
0.74284
0.86848
0.18205
0.22762
0.96897
0.63809
0.05889
0.30098
0.36024
0.78821
0.57082
0.12566
0.78282
0.94977
0.80301
0.98644
0.45056
0.67033
0.63002
0.33199
0.59356
0.66837
0.41848
0.31347
0.3029
0.32617
0.39286
0.20782
0.00946
0.0559
0.45724
0.30231
0.78889
0.53166
0.87498
0.01614
0.89275
0.49204
0.26524
0.86815
0.00035
0.22397
0.3788
0.23379
0.22562
0.16114
0.70254
0.1751
0.63126
0.51797
0.90391
0.1015
0.52341
0.80623
0.15208
0.32738
0.51774
0.97194
0.66956
0.90983
0.288
0.03173
0.43115
0.39539
0.71614
0.31202
0.21161
0.13414
0.61869
0.56979
0.78083
0.72919
0.08555
0.20904
0.18986
0.4805
0.82727
0.07252
0.08325
0.27216
0.62139
0.30763
0.06559
0.5528
0.65237
0.93399
0.18777
0.2626
0.08618
0.71821
0.12124
0.15422
0.22052
0.07163
0.99736
0.28884
0.85448
0.37272
0.6655
0.38526
0.03601
0.05486
0.4391
0.55744
0.4415
0.1501
0.86335
0.80219
0.2491
0.55529
0.40552
0.10978
0.6789
0.86359
0.76342
0.30212
0.35652
0.11663
0.95406
0.31796
0.73096
0.7372
0.00115
0.68968
0.35689
0.91748
0.49521
0.22004
0.97002
0.64483
0.17098
0.08864
0.54891
0.41564
0.90105
0.68565
0.89639
0.73791
0.37462
0.85003
0.05215
0.7283
0.65951
0.49355
0.09223
0.64189
0.33066
0.16424
0.41759
0.38349
0.62712
0.42995
0.93713
0.74638
0.08421
0.58651
0.99068
0.8917
0.23029
0.56479
0.19564
0.51723
0.68653
0.25569
0.66422
0.48116
0.90696
0.41836
0.04808
0.09572
0.64143
0.90549
0.57923
0.17919
0.05703
0.81393
0.92171
0.54967
0.9091
0.31301
0.93833
0.27354
0.91678
0.49834
0.66568
0.77803
0.40594
0.65938
0.01009
0.10805
0.95639
0.27643
0.99197
0.4213
0.11936
0.56141
0.17219
0.31107
0.49738
0.6312
0.37431
0.58936
0.40683
0.47337
0.89835
0.07368
0.30169
0.11955
0.01843
0.00911
0.1457
0.06503
0.0816
0.7961
0.87622
0.87679
0.70272
0.00227
0.76241
0.70534
0.47973
0.50422
0.69215
0.88792
0.17357
0.21919
0.96079
0.64829
0.9488
0.09186
0.42579
0.58233
0.37528
0.06901
0.10517
0.47258
0.19119
0.82197
0.69659
0.46609
0.28853
0.9328
0.77618
0.7476
0.47611
0.02084
0.58397
0.91826
0.17284
0.13196
0.6872
0.11391
0.81263
0.73007
0.7327
0.07206
0.14164
0.93282
0.46334
0.26672
0.86909
0.96519
0.21594
0.61016
0.89767
0.67133
0.95601
0.79915
0.47148
0.5832
0.40015
0.85911
0.54347
0.7314
0.26678
0.68633
0.16283
0.2835
0.45938
0.70318
0.19229
0.55526
0.56936
0.13737
0.03502
0.8169
0.49856
0.81205
0.41782
0.83756
0.51898
0.56567
0.73561
0.97561
0.64937
0.03474
0.22133
0.25274
0.97718
0.88484
0.82615
0.50834
0.23863
0.57492
0.81429
0.18568
0.0467
0.95897
0.58554
0.6777
0.51439
0.86302
0.79943
0.5927
0.90859
0.82664
0.46396
0.18211
0.66368
0.60969
0.83444
0.66193
0.17117
0.03775
0.52252
0.05404
0.98702
0.01738
0.60163
0.12244
0.33465
0.6956
0.21478
0.26416
0.10108
0.93289
0.34228
0.51781
0.56759
0.56981
0.17682
0.56467
0.84948
0.28391
0.6531
0.33735
0.55665
0.87551
0.84143
0.42627
0.33502
0.60741
0.00669
0.99122
0.39122
0.63119
0.64331
0.94861
0.10144
0.24051
0.83654
0.94708
0.00404
0.99667
0.19104
0.55157
0.14198
0.84835
0.68105
0.39955
0.56716
0.21884
0.62736
0.0259
0.75753
0.78418
0.82331
0.61556
0.14933
0.36387
0.48135
0.75345
0.10071
0.00649
0.95455
0.19892
0.13723
0.29944
0.43315
0.47374
0.83719
0.76369
0.11551
0.80497
0.49842
0.42049
0.39951
0.30589
0.75189
0.59628
0.5602
0.33371
0.61019
0.17285
0.65497
0.22916
0.16762
0.1832
0.02123
0.15578
0.68097
0.93636
0.70517
0.09805
0.66473
0.45725
0.20529
0.96364
0.04334
0.65882
0.15353
0.6987
0.66444
0.18391
0.51174
0.52412
0.54072
0.27277
0.63312
0.5816
0.28852
0.36654
0.60811
0.82177
0.99979
0.52299
0.20789
0.11017
0.99301
0.99988
0.24276
0.63945
0.16252
0.64404
0.41361
0.94534
0.10996
0.99094
0.32535
0.98474
0.46959
0.11859
0.46515
0.33532
0.61627
0.53062
0.18425
0.20465
0.62717
0.64908
0.07307
0.62824
0.15536
0.15073
0.77451
0.13687
0.68207
0.13242
0.82385
0.4171
0.1321
0.19354
0.37807
0.19166
0.41094
0.92924
0.70325
0.68077
0.53334
0.85554
0.16937
0.45348
0.49514
0.18639
0.35096
0.225
0.27058
0.54563
0.18687
0.98308
0.93999
0.17823
0.98688
0.4184
0.21234
0.51216
0.93522
0.37667
0.01864
0.76471
0.02385
0.69859
0.65915
0.76916
0.76898
0.11775
0.58269
0.42533
0.51708
0.48023
0.61713
0.33356
0.35538
0.96629
0.12962
0.55984
0.06486
0.00401
0.85351
0.78005
0.05991
0.98346
0.47787
0.70684
0.21036
0.12083
0.57717
0.34821
0.71977
0.46638
0.8991
0.69219
0.86271
0.13616
0.29173
0.01477
0.63494
0.61788
0.18609
0.07531
0.95395
0.50192
0.76014
0.2148
0.5703
0.29976
0.4558
0.15623
0.37629
0.10626
0.49619
0.941
0.10369
0.66164
0.7757
0.57278
0.07044
0.3275
0.89437
0.91956
0.19039
0.45725
0.54995
0.2123
0.46121
0.45621
0.54969
0.19555
0.37731
0.44625
0.55847
0.86181
0.72007
0.4995
0.0026
0.12796
0.38361
0.52663
0.64133
0.49238
0.09057
0.29412
0.37874
0.45747
0.26216
0.82384
0.45955
0.36761
0.36289
0.14238
0.09021
0.50676
0.47122
0.41964
0.0209
0.80554
0.44872
0.1855
0.91035
0.11253
0.66094
0.92923
0.22555
0.2952
0.10712
0.68662
0.0241
0.00441
0.93995
0.56255
0.14948
0.43475
0.97097
0.14663
0.0424
0.90652
0.91519
0.6619
0.64739
0.54226
0.214
0.05144
0.1051
0.9437
0.26994
0.06988
0.54127
0.39805
0.28062
0.97702
0.61618
0.6432
0.70782
0.4062
0.4659
0.47165
0.13406
0.94687
0.17787
0.98502
0.62887
0.78356
0.46795
0.71397
0.20327
0.23651
0.44024
0.36318
0.33188
0.27715
0.53286
0.19994
0.20378
0.97931
0.16121
0.56774
0.22644
0.00408
0.51425
0.59404
0.71397
0.57482
0.0951
0.91089
0.28929
0.55727
0.52729
0.86208
0.98659
0.98555
0.25782
0.42473
0.10632
0.1741
0.76052
0.37346
0.10496
0.94724
0.29578
0.29463
0.24462
0.98816
0.01233
0.50661
0.08907
0.70117
0.56428
0.38548
0.72127
0.37685
0.01958
0.23952
0.70625
0.4429
0.50814
0.66334
0.70824
0.81517
0.94664
0.04723
0.11196
0.64328
0.67934
0.57336
0.33199
0.17842
0.0179
0.47826
0.2978
0.36256
0.95577
0.70859
0.88321
0.81271
0.20576
0.07308
0.36291
0.86588
0.05439
0.19281
0.32386
0.5981
0.20574
0.20007
0.75343
0.34484
0.9004
0.96016
0.6359
0.77499
0.14662
0.22442
0.8221
0.07059
0.07405
0.62946
0.44737
0.51187
0.6905
0.37852
0.65512
0.52575
0.33839
0.56185
0.37321
0.48872
0.53953
0.3258
0.04523
0.88556
0.97495
0.25832
0.31616
0.19171
0.03475
0.88615
0.26789
0.7218
0.31991
0.72575
0.54236
0.45107
0.48513
0.35446
0.93484
0.01777
0.29498
0.30958
0.24889
0.85208
0.70265
0.52495
0.29801
0.48164
0.03299
0.42808
0.20212
0.94908
0.07623
0.09668
0.26189
0.49306
0.84746
0.5939
0.02038
0.35301
0.82072
0.12946
0.04945
0.57005
0.90043
0.21753
0.33222
0.73841
0.58625
0.19949
0.92905
0.35137
0.5153
0.21675
0.73609
0.53184
0.07982
0.84661
0.64247
0.74184
0.84423
0.31574
0.8004
0.50639
0.64216
0.94677
0.33418
0.76171
0.42038
0.41736
0.93588
0.7468
0.93974
0.38881
0.42238
0.76476
0.07453
0.40791
0.30201
0.33355
0.56515
0.70595
0.27861
0.25588
0.3228
0.22482
0.76892
0.3537
0.46396
0.79332
0.66014
0.9432
0.41257
0.02001
0.2371
0.21102
0.37937
0.28595
0.84338
0.18486
0.86247
0.96266
0.27892
0.08106
0.60106
0.61905
0.86069
0.63267
0.80741
0.43437
0.9203
0.68852
0.07663
0.5374
0.35418
0.54319
0.67092
0.92833
0.21041
0.30576
0.87504
0.37152
0.28079
0.96361
0.60059
0.89777
0.36864
0.80254
0.45232
0.4012
0.87343
0.52904
0.56449
0.96142
0.07175
0.44206
0.59261
0.40437
0.82313
0.29113
0.1649
0.27832
0.54933
0.72238
0.79945
0.93308
0.50128
0.7206
0.12391
0.18757
0.8572
0.83547
0.46622
0.94079
0.17961
0.9731
0.35128
0.12686
0.42873
0.58841
0.67523
0.23074
0.44889
0.17454
0.09533
0.19368
0.12073
0.6317
0.60867
0.9615
0.67131
0.37936
0.04245
0.46124
0.84557
0.00648
0.20789
0.2613
0.60292
0.71113
0.91878
0.23354
0.60029
0.72429
0.98601
0.0156
0.77501
0.08427
0.82011
0.28497
0.15003
0.48104
0.92612
0.77802
0.19767
0.86916
0.73253
0.25525
0.80613
0.91534
0.82707
0.10888
0.80885
0.20599
0.21133
0.60543
0.11592
0.84192
0.2685
0.03477
0.93257
0.33555
0.82459
0.6749
0.79208
0.83281
0.72097
0.22755
0.19385
0.52296
0.50121
0.05355
0.18977
0.5114
0.05479
0.94023
0.60405
0.24198
0.09695
0.48185
0.42948
0.70337
0.02522
0.989
0.88825
0.45586
0.11561
0.79268
0.86071
0.26384
0.84801
0.63964
0.76447
0.92003
0.56958
0.55291
0.81631
0.25034
0.96402
0.20933
0.01315
0.31544
0.00984
0.78286
0.17592
0.60999
0.84299
0.22291
0.00876
0.88256
0.03697
0.25095
0.93164
0.90727
0.42745
0.43495
0.44614
0.08772
0.66188
0.79407
0.65966
0.65724
0.11319
0.51842
0.54444
0.03284
0.84112
0.41969
0.73626
0.2329
0.02605
0.33633
0.59645
0.16758
0.90511
0.99467
0.52268
0.54515
0.90754
0.40669
0.63447
0.35699
0.38969
0.90225
0.67807
0.26424
0.79415
0.70192
0.89427
0.28351
0.00723
0.49779
0.54879
0.63752
0.17161
0.40131
0.95909
0.8745
0.28148
0.92488
0.49072
0.48593
0.36103
0.35379
0.46228
0.61106
0.78778
0.27676
0.96243
0.20834
0.44888
0.55151
0.70198
0.18071
0.36047
0.09955
0.61577
0.18801
0.70356
0.17206
0.95569
0.64759
0.30592
0.4727
0.12437
0.12924
0.46571
0.41452
0.24628
0.87671
0.22413
0.92096
0.84763
0.5705
0.02463
0.5161
0.30164
0.48348
0.81766
0.07172
0.77519
0.37095
0.40582
0.11143
0.20349
0.67473
0.09073
0.10809
0.06833
0.00239
0.56989
0.47525
0.74662
0.40728
0.0924
0.63971
0.42416
0.13084
0.96839
0.80654
0.12141
0.49097
0.0176
0.4523
0.23506
0.21111
0.51631
0.01925
0.00524
0.09151
0.4826
0.41161
0.15299
0.82518
0.93433
0.30485
0.02972
0.6868
0.70861
0.82771
0.9252
0.88967
0.92584
0.81438
0.04659
0.22845
0.24746
0.14572
0.69825
0.73056
0.01879
0.89549
0.60047
0.84785
0.53204
0.00959
0.36395
0.13024
0.01618
0.22413
0.08799
0.88957
0.03924
0.72485
0.4885
0.08504
0.3942
0.55666
0.39585
0.23093
0.99232
0.73537
0.58132
0.85058
0.95706
0.68165
0.94141
0.38546
0.05327
0.75256
0.99801
0.96996
0.21444
0.04418
0.83645
0.68143
0.39523
0.00319
0.46335
0.84062
0.75498
0.5408
0.58901
0.76281
0.61327
0.36742
0.3876
0.35197
0.44538
0.64905
0.95639
0.7819
0.59613
0.48522
0.47636
0.46825
0.28133
0.14267
0.99926
0.89361
0.06255
0.44006
0.71337
0.24096
0.16861
0.80804
0.68788
0.91643
0.23851
0.78298
0.82297
0.64017
0.06473
0.64318
0.39857
0.47088
0.8721
0.17707
0.53909
0.71234
0.93605
0.59433
0.74293
0.16873
0.66046
0.47541
0.12449
0.91018
0.92818
0.75351
0.54373
0.46189
0.16021
0.51285
0.86648
0.01299
0.26741
0.96512
0.71527
0.657
0.50753
0.06718
0.36337
0.56374
0.17297
0.01876
0.46426
0.46651
0.721
0.75341
0.00897
0.93753
0.19697
0.73848
0.29284
0.45792
0.85904
0.48888
0.78131
0.08767
0.44444
0.14977
0.09523
0.77652
0.68236
0.21403
0.37698
0.62887
0.06365
0.21821
0.83031
0.87745
0.70148
0.45242
0.55126
0.46977
0.98162
0.35467
0.95252
0.51358
0.4022
0.76152
0.98933
0.33492
0.74132
0.1652
0.81405
0.00935
0.92621
0.38111
0.07491
0.15411
0.21543
0.17392
0.90031
0.13867
0.81687
0.92353
0.02428
0.06134
0.06635
0.74982
0.97299
0.7932
0.10461
0.92622
0.72666
0.21857
0.30494
0.86243
0.61584
0.66977
0.60194
0.95729
0.51462
0.20038
0.26644
0.36524
0.31424
0.15172
0.29991
0.31283
0.60419
0.50623
0.60915
0.58623
0.39786
0.95005
0.95286
0.9512
0.15875
0.34778
0.35688
0.78507
0.00674
0.35592
0.7665
0.86174
0.28687
0.53479
0.23297
0.56124
0.24598
0.43976
0.2635
0.8366
0.25692
0.71012
0.77387
0.7139
0.68567
0.66041
0.37347
0.01466
0.64848
0.2965
0.61097
0.07553
0.06753
0.86152
0.04008
0.53668
0.98735
0.18355
0.21785
0.88691
0.20463
0.79696
0.6367
0.1673
0.97001
0.71827
0.34792
0.3576
0.64862
0.97004
0.84086
0.18695
0.40589
0.06195
0.61979
0.83067
0.02938
0.4683
0.25145
0.39038
0.70955
0.35681
0.00279
0.85061
0.09385
0.14658
0.91061
0.22575
0.73017
0.77144
0.24308
0.00835
0.43241
0.37401
0.7916
0.93678
0.46299
0.66253
0.44496
0.63071
0.74871
0.27378
0.51256
0.16347
0.56767
0.26724
0.04925
0.43359
0.8641
0.65529
0.56294
0.45622
0.04163
0.39476
0.04621
0.65793
0.61261
0.96776
0.74362
0.68464
0.79527
0.76108
0.39918
0.60663
0.91624
0.76815
0.28197
0.26141
0.94042
0.76096
0.50366
0.83883
0.8666
0.75239
0.02178
0.12863
0.46028
0.77923
0.3542
0.44521
0.85714
0.97511
0.17035
0.8694
0.97732
0.90426
0.04619
0.924
0.3824
0.43422
0.12947
0.33788
0.0493
0.4572
0.36891
0.98387
0.21801
0.60319
0.82426
0.7617
0.19196
0.03496
0.49486
0.52813
0.69392
0.10017
0.47179
0.59555
0.19898
0.76827
0.15165
0.29712
0.56793
0.95842
0.0656
0.38374
0.85457
0.50848
0.42212
0.30932
0.78038
0.13624
0.51875
0.33391
0.11127
0.30069
0.51251
0.57485
0.75324
0.49884
0.77594
0.09662
0.33882
0.88124
0.09951
0.97295
0.2615
0.37091
0.09058
0.81928
0.67184
0.56882
0.42848
0.42784
0.52352
0.51057
0.59665
0.31713
0.41482
0.19482
0.61354
0.55962
0.10887
0.11897
0.73912
0.43162
0.33621
0.01759
0.99355
0.36262
0.05101
0.36594
0.79838
0.65048
0.24315
0.56963
0.61282
0.9867
0.0017
0.75014
0.00843
0.96529
0.00587
0.89975
0.68709
0.49915
0.07898
0.33702
0.29624
0.70487
0.52856
0.10149
0.6297
0.09067
0.89936
0.70919
0.97374
0.75109
0.43599
0.84358
0.87912
0.38685
0.7049
0.55542
0.30705
0.6287
0.2786
0.47761
0.72047
0.51907
0.17508
0.41382
0.68672
0.55412
0.29463
0.86687
0.65592
0.54263
0.34607
0.90559
0.74419
0.01936
0.38251
0.921
0.4681
0.1779
0.10999
0.45548
0.01454
0.31631
0.95536
0.19999
0.02847
0.71529
0.11149
0.17525
0.99579
0.90413
0.76672
0.68788
0.45733
0.26804
0.64646
0.13256
0.7747
0.7234
0.34558
0.12893
0.46317
0.14661
0.27869
0.14345
0.46063
0.96743
0.88591
0.72163
0.10945
0.57681
0.95182
0.5703
0.04558
0.49246
0.86263
0.45763
0.82725
0.99372
0.4602
0.81705
0.1839
0.92741
0.47415
0.30602
0.73146
0.92881
0.62341
0.85454
0.41266
0.25408
0.0021
0.18981
0.20624
0.54172
0.12106
0.97693
0.87788
0.16424
0.15922
0.9742
0.48815
0.04504
0.26504
0.2566
0.23711
0.99448
0.89534
0.23451
0.85381
0.99376
0.53627
0.85779
0.87043
0.78799
0.14965
0.88465
0.64062
0.36217
0.69501
0.95344
0.67215
0.9673
0.89953
0.85285
0.89382
0.75317
0.20831
0.93024
0.83994
0.08413
0.63241
0.86119
0.69544
0.24229
0.57594
0.85195
0.61623
0.02196
0.80467
0.74474
0.763
0.59886
0.74473
0.06641
0.1083
0.06148
0.35816
0.4002
0.42661
0.98744
0.29298
0.4002
0.62845
0.78955
0.26289
0.82574
0.69911
0.48186
0.65977
0.63195
0.91214
0.24591
0.81162
0.41988
0.63084
0.81012
0.81221
0.63652
0.72625
0.5481
0.9587
0.81874
0.0533
0.10961
0.07352
0.32646
0.32721
0.10208
0.57387
0.86314
0.12211
0.07633
0.19923
0.67799
0.85275
0.76519
0.38067
0.54178
0.9982
0.95276
0.06706
0.14898
0.37251
0.05181
0.64845
0.57824
0.41586
0.94778
0.12694
0.37227
0.01771
0.29933
0.42322
0.66626
0.89997
0.60452
0.89727
0.06832
0.70478
0.67954
0.70117
0.36032
0.55858
0.18442
0.27787
0.76536
0.57985
0.68384
0.58034
0.91258
0.11956
0.35689
0.04839
0.77336
0.33815
0.88754
0.58929
0.62749
0.21162
0.069
0.17487
0.85016
0.34908
0.85966
0.7363
0.49589
0.25882
0.26263
0.28453
0.05479
0.03372
0.2548
0.87595
0.03973
0.82424
0.28843
0.52554
0.22155
0.15528
0.72484
0.21825
0.8574
0.38289
0.73538
0.69747
0.29557
0.16819
0.91128
0.47283
0.52391
0.24183
0.70575
0.05623
0.05572
0.53179
0.9813
0.1536
0.83547
0.66403
0.15146
0.21945
0.09814
0.94397
0.78746
0.20387
0.41865
0.05011
0.30377
0.36717
0.70359
0.57423
0.52022
0.25029
0.25688
0.81134
0.11052
0.65171
0.15062
0.79628
0.18623
0.44387
0.86417
0.40834
0.70052
0.99721
0.25928
0.33773
0.31244
0.55802
0.90579
0.75942
0.22032
0.06022
0.67144
0.60049
0.15901
0.56631
0.02466
0.55539
0.63027
0.69072
0.90993
0.23021
0.67175
0.5004
0.04944
0.49661
0.3403
0.01427
0.96848
0.77666
0.89267
0.84414
0.80755
0.04856
0.58118
0.24104
0.62771
0.98651
0.24484
0.33999
0.24423
0.56668
0.02978
0.51811
0.53173
0.15344
0.71975
0.47534
0.57155
0.74805
0.56354
0.54446
0.72439
0.23243
0.20347
0.30908
0.31848
0.90576
0.81227
0.63713
0.97048
0.79058
0.64197
0.08842
0.86726
0.44887
0.84775
0.11908
0.926
0.96085
0.63884
0.79526
0.58985
0.86864
0.24591
0.4298
0.84045
0.72836
0.04416
0.41953
0.46118
0.53138
0.24318
0.51391
0.95669
0.92857
0.60995
0.59481
0.42464
0.3093
0.34682
0.33859
0.0644
0.58824
0.58212
0.06477
0.16912
0.89064
0.13651
0.4569
0.59032
0.48622
0.62469
0.23183
0.90881
0.473
0.44191
0.36852
0.90023
0.11488
0.487
0.41663
0.70862
0.6937
0.73106
0.25425
0.09756
0.25386
0.61429
0.97793
0.68989
0.26416
0.31519
0.85935
0.48634
0.32043
0.72507
0.97977
0.06168
0.15871
0.14639
0.7838
0.61954
0.85333
0.21756
0.50214
0.52443
0.25308
0.97763
0.87199
0.66531
0.69557
0.66933
0.49763
0.99948
0.51916
0.09449
0.55008
0.76342
0.73964
0.38563
0.54021
0.68997
0.47745
0.46836
0.218
0.75483
0.08287
0.29766
0.36269
0.73107
0.0607
0.57966
0.97775
0.51342
0.24959
0.00549
0.66381
0.26869
0.28443
0.43059
0.65264
0.46969
0.3326
0.58535
0.89387
0.18978
0.31105
0.48997
0.64466
0.16231
0.31738
0.02471
0.68958
0.93945
0.19626
0.52362
0.79326
0.01319
0.35983
0.26013
0.94928
0.32834
0.07047
0.03882
0.33832
0.70112
0.43165
0.63906
0.79639
0.48981
0.7359
0.50138
0.14155
0.83258
0.43562
0.0717
0.01151
0.10145
0.09264
0.20212
0.28214
0.41179
0.27163
0.87907
0.97228
0.73457
0.11119
0.06699
0.67364
0.10199
0.38994
0.42367
0.86062
0.80941
0.03766
0.20955
0.34563
0.21608
0.86082
0.71633
0.88763
0.70193
0.88714
0.8031
0.20982
0.57009
0.34156
0.3752
0.5497
0.31134
0.66606
0.3549
0.69249
0.55267
0.81681
0.2253
0.56733
0.04402
0.5189
0.53898
0.99375
0.11974
0.41564
0.43568
0.86666
0.78853
0.76712
0.70934
0.75788
0.62098
0.25794
0.87874
0.79251
0.02062
0.2104
0.27644
0.20607
0.46895
0.82201
0.52462
0.82428
0.4098
0.80981
0.22597
0.29832
0.63258
0.78091
0.0281
0.88677
0.25966
0.68703
0.61515
0.17304
0.73503
0.82039
0.7384
0.3516
0.77478
0.00608
0.23433
0.10403
0.84326
0.09435
0.74723
0.27276
0.74755
0.60944
0.30017
0.99651
0.2662
0.42705
0.28312
0.03021
0.67672
0.01058
0.22043
0.29319
0.88579
0.37235
0.44347
0.25846
0.30574
0.25285
0.22138
0.35058
0.95506
0.88546
0.63408
0.15789
0.78489
0.28423
0.05639
0.22564
0.98958
0.65451
0.47915
0.58553
0.44558
0.23039
0.05495
0.36593
0.10444
0.00371
0.50121
0.66362
0.33894
0.20354
0.93739
0.62583
0.51042
0.39526
0.16236
0.16106
0.90907
0.58252
0.87869
0.9304
0.92513
0.8858
0.83276
0.59279
0.76784
0.51245
0.16653
0.27494
0.57822
0.88564
0.50416
0.38382
0.93935
0.88412
0.50409
0.7403
0.31381
0.94901
0.83482
0.71033
0.23479
0.66723
0.58294
0.14244
0.21692
0.69989
0.22041
0.44772
0.79232
0.97542
0.37221
0.93714
0.31786
0.82224
0.36132
0.42962
0.54873
0.68738
0.68577
0.50952
0.63024
0.27468
0.67531
0.67501
0.74833
0.15831
0.78724
0.27627
0.23556
0.93177
0.16188
0.45457
0.5477
0.30095
0.61521
0.52958
0.64306
0.04295
0.71848
0.39314
0.55629
0.04282
0.46367
0.14771
0.3131
0.33776
0.2892
0.82666
0.32565
0.41392
0.72444
0.55402
0.52877
0.48036
0.65692
0.56237
0.58854
0.54311
0.46757
0.67572
0.90961
0.23382
0.31995
0.71857
0.25992
0.5863
0.31684
0.37041
0.26378
0.18866
0.44372
0.95122
0.83797
0.20448
0.1862
0.61184
0.95868
0.71634
0.53005
0.85408
0.34658
0.67431
0.74365
0.09864
0.57438
0.71774
0.1951
0.78964
0.43333
0.83706
0.48575
0.20717
0.58772
0.47898
0.88869
0.32645
0.4587
0.33426
0.41384
0.66641
0.55722
0.79818
0.03412
0.55771
0.80335
0.11537
0.74195
0.46222
0.53962
0.20321
0.69804
0.73277
0.84993
0.96495
0.86598
0.87012
0.0559
0.67988
0.19356
0.21214
0.74815
0.63293
0.53691
0.31345
0.91829
0.71187
0.5449
0.16724
0.19124
0.32148
0.66542
0.0896
0.75593
0.32428
0.31868
0.4215
0.88001
0.14722
0.69294
0.6952
0.20989
0.25263
0.41623
0.84475
0.01326
0.04605
0.87438
0.73338
0.10395
0.22204
0.06365
0.83275
0.71696
0.51776
0.5648
0.70456
0.88909
0.4862
0.63258
0.42857
0.73015
0.62372
0.72146
0.89915
0.23406
0.10813
0.79225
0.08007
0.63277
0.93053
0.29352
0.59221
0.00405
0.20325
0.13259
0.49863
0.83116
0.4305
0.16901
0.17483
0.93368
0.14606
0.57599
0.19185
0.97498
0.28865
0.73619
0.90082
0.04666
0.96753
0.76212
0.85013
0.86029
0.42865
0.84502
0.04675
0.40639
0.41001
0.09507
0.62828
0.37637
0.44311
0.51631
0.05209
0.28167
0.66848
0.10137
0.49
0.27795
0.98178
0.92179
0.10921
0.18792
0.17425
0.54408
0.19152
0.92764
0.6441
0.39291
0.72462
0.77068
0.15457
0.55151
0.29054
0.62006
0.98728
0.4756
0.51877
0.53586
0.85784
0.19437
0.45228
0.80477
0.26537
0.59943
0.27735
0.60961
0.78635
0.39219
0.36861
0.94381
0.46063
0.73871
0.05582
0.36129
0.15521
0.64764
0.79843
0.65621
0.64402
0.56941
0.38566
0.24583
0.75844
0.8244
0.1213
0.39747
0.36822
0.17562
0.68105
0.47483
0.54919
0.71707
0.00791
0.08895
0.93886
0.87648
0.1397
0.76285
0.61112
0.84629
0.74902
0.37323
0.84569
0.68132
0.92525
0.23153
0.58874
0.09559
0.87837
0.25771
0.74229
0.27299
0.80871
0.24965
0.44296
0.55758
0.13635
0.05655
0.32286
0.8569
0.19673
0.2234
0.88639
0.42425
0.5657
0.07823
0.29359
0.87432
0.25842
0.0788
0.49343
0.48953
0.72099
0.70783
0.19715
0.79117
0.62377
0.33149
0.12957
0.32107
0.74942
0.371
0.34818
0.92995
0.0646
0.63578
0.41359
0.34744
0.17732
0.43614
0.06097
0.73845
0.59367
0.84345
0.95841
0.10879
0.94915
0.99888
0.90506
0.03603
0.70345
0.25067
0.26469
0.67607
0.15816
0.47653
0.96649
0.83955
0.47816
0.26114
0.3389
0.01943
0.57327
0.18985
0.84702
0.57378
0.42062
0.44357
0.73287
0.49078
0.2073
0.64368
0.50234
0.79492
0.45344
0.69187
0.58458
0.63369
0.31973
0.75872
0.14561
0.01848
0.7523
0.85223
0.26948
0.59335
0.89455
0.36047
0.81323
0.00905
0.80359
0.95534
0.41582
0.80777
0.0411
0.9817
0.26575
0.37995
0.91674
0.91153
0.78029
0.20182
0.45887
0.36199
0.97929
0.00652
0.64872
0.00088
0.91754
0.63841
0.03114
0.20244
0.75134
0.75924
0.39366
0.24582
0.15593
0.39861
0.19767
0.0522
0.94425
0.54445
0.0477
0.03468
0.4876
0.97962
0.53249
0.66133
0.6152
0.02413
0.94825
0.1652
0.42813
0.43507
0.1347
0.74137
0.02233
0.16049
0.57001
0.91706
0.03793
0.43127
0.94564
0.64074
0.06978
0.30073
0.54224
0.89457
0.31609
0.79707
0.8458
0.41858
0.90369
0.32161
0.50229
0.1895
0.24298
0.81816
0.79714
0.80084
0.13614
0.63922
0.15917
0.41354
0.55773
0.54574
0.19017
0.29893
0.25785
0.52672
0.44857
0.19263
0.92996
0.09229
0.61325
0.53475
0.02205
0.62068
0.27573
0.15986
0.94532
0.15501
0.09529
0.66023
0.4957
0.09664
0.5015
0.45917
0.98022
0.89464
0.62219
0.88765
0.36998
0.76383
0.79406
0.88483
0.42643
0.7917
0.09634
0.77936
0.80329
0.04111
0.91121
0.70056
0.75663
0.43139
0.66442
0.14527
0.28816
0.91457
0.41782
0.22757
0.71526
0.23072
0.4949
0.94272
0.17156
0.28326
0.07011
0.11366
0.15955
0.37957
0.35157
0.52029
0.97051
0.53418
0.23787
0.38353
0.90514
0.73507
0.8242
0.15589
0.82605
0.49294
0.75105
0.71959
0.24767
0.58671
0.88428
0.23116
0.36032
0.92419
0.76065
0.67357
0.66058
0.44739
0.08381
0.76274
0.03424
0.13771
0.40443
0.47873
0.67437
0.15046
0.85258
0.82365
0.86148
0.30142
0.20161
0.54982
0.2922
0.99439
0.47601
0.33082
0.81931
0.04156
0.86
0.65577
0.19099
0.15259
0.70355
0.75433
0.9775
0.45031
0.0026
0.50693
0.9125
0.07173
0.79657
0.39183
0.24432
0.34465
0.58778
0.25557
0.82069
0.81122
0.54952
0.46633
0.91932
0.8489
0.48365
0.71432
0.45695
0.92223
0.0856
0.86123
0.35366
0.59847
0.33688
0.90486
0.54386
0.27288
0.85349
0.86383
0.41573
0.23392
0.55054
0.95709
0.0629
0.16919
0.4971
0.662
0.28915
0.62168
0.0825
0.20142
0.71918
0.1395
0.86374
0.21051
0.3316
0.14551
0.84622
0.04204
0.35343
0.38262
0.3267
0.48913
0.53486
0.80292
0.59534
0.62174
0.07738
0.22994
0.23241
0.28253
0.59903
0.8863
0.20799
0.35776
0.0825
0.86778
0.38206
0.13082
0.02004
0.99202
0.82556
0.0173
0.5434
0.13901
0.86875
0.0179
0.29608
0.95063
0.76359
0.75546
0.97979
0.71123
0.19031
0.92344
0.57423
0.33097
0.164
0.6336
0.75326
0.47579
0.18533
0.7117
0.55591
0.67091
0.42299
0.99457
0.07221
0.81013
0.74102
0.31234
0.22914
0.35218
0.74248
0.7917
0.50463
0.8957
0.71311
0.99493
0.31988
0.34072
0.83331
0.87926
0.22946
0.0255
0.11706
0.87964
0.55145
0.90008
0.26837
0.69322
0.94843
0.50711
0.59161
0.08012
0.2147
0.83034
0.18547
0.34688
0.3338
0.54137
0.44422
0.95141
0.2493
0.30484
0.16311
0.69977
0.32957
0.01412
0.99006
0.72312
0.84389
0.83732
0.89568
0.72181
0.78256
0.99764
0.91099
0.70562
0.51828
0.39723
0.95361
0.96255
0.83307
0.10656
0.43603
0.48156
0.65964
0.91658
0.70295
0.88236
0.61066
0.24006
0.77543
0.69089
0.13747
0.5577
0.65162
0.09441
0.21184
0.88177
0.43434
0.45912
0.03174
0.90334
0.62405
0.24436
0.6036
0.49114
0.94159
0.7808
0.84769
0.14391
0.03599
0.11864
0.77096
0.0508
0.42483
0.48678
0.64157
0.18164
0.91644
0.70052
0.98828
0.46117
0.59057
0.70998
0.91076
0.83781
0.81713
